374.48557
250.49972
24470.10984
369.12307
34548.14001
24234.59266
140.65561
22628.73407
487.79914
457.90001
382.62863
0.00000
24462.74534
23257.45211
24593.92450
23275.57436
263.84330
329.72178
130.13839
0.00000
20521.64147
22159.04535
319.60485
32621.08328
29197.19276
407.49081
25572.78422
306.43973
20068.07243
22732.26677
24343.36745
25001.43905
286.45254
509.35931
23096.51172
22508.36610
24520.09550
19872.07847
23041.18378
33088.40843
22042.99842
24085.58834
35904.05872
32675.40296
25841.00868
24805.53493
225.39990
31055.50527
31226.59475
23233.80231
365.96170
22954.12328
35359.09730
29379.87610
23449.04265
30568.39441
34284.31895
125.30645
302.07188
19361.63157
19239.09929
0.00000
338.46597
25044.17378
88.56636
19953.52770
19674.47944
313.48430
24296.11625
30624.52502
32314.64684
22515.07279
112.92475
25024.83858
22104.40362
28260.26305
25043.70578
22030.18196
394.44930
24745.73045
22046.23512
24684.05667
23957.69717
20544.32329
456.97725
22059.09756
297.37027
540.34645
91.41116
24461.80551
23032.33012
32207.85848
457.72740
24321.62646
252.27050
315.21671
390.16651
24181.88238
24292.68623
25115.08937
19573.61565
28967.73910
22129.17680
24688.53303
23350.52460
25075.25671
27187.85963
22350.30362
194.43221
23839.75106
22418.54333
18444.55643
34144.51258
26030.33968
0.00000
294.61683
28232.20104
127.31064
20372.08476
29870.13099
455.45935
28039.95115
0.00000
0.00000
20969.95151
23812.97131
24554.44867
570.51315
400.71644
33027.00394
24629.74690
23789.44530
35134.39054
23169.86080
268.63203
