30624.52502
457.72740
23449.04265
225.39990
22732.26677
22046.23512
382.62863
125.30645
88.56636
456.97725
374.48557
19573.61565
0.00000
24321.62646
24554.44867
22418.54333
22508.36610
24470.10984
23096.51172
509.35931
29379.87610
24462.74534
365.96170
400.71644
24234.59266
369.12307
35904.05872
19872.07847
24805.53493
25024.83858
32314.64684
23812.97131
24292.68623
25075.25671
27187.85963
455.45935
23032.33012
22042.99842
0.00000
32207.85848
250.49972
28260.26305
20372.08476
268.63203
25841.00868
24688.53303
194.43221
24181.88238
302.07188
26030.33968
23275.57436
19674.47944
24593.92450
25001.43905
24629.74690
25043.70578
23169.86080
23957.69717
487.79914
315.21671
29870.13099
24745.73045
0.00000
24343.36745
19361.63157
22350.30362
263.84330
407.49081
31055.50527
33027.00394
28232.20104
32675.40296
23350.52460
338.46597
32621.08328
22129.17680
22628.73407
34284.31895
286.45254
24296.11625
19953.52770
252.27050
35359.09730
23041.18378
22954.12328
24684.05667
23839.75106
28967.73910
35134.39054
19239.09929
297.37027
22030.18196
34144.51258
127.31064
31226.59475
91.41116
457.90001
30568.39441
394.44930
20544.32329
25115.08937
0.00000
130.13839
20969.95151
33088.40843
24085.58834
0.00000
306.43973
22059.09756
390.16651
22104.40362
313.48430
23789.44530
319.60485
23257.45211
29197.19276
329.72178
140.65561
34548.14001
24520.09550
0.00000
20521.64147
540.34645
22515.07279
24461.80551
18444.55643
570.51315
23233.80231
25572.78422
20068.07243
25044.17378
294.61683
28039.95115
112.92475
22159.04535
