306.43973
570.51315
24554.44867
30568.39441
24321.62646
22350.30362
24470.10984
24343.36745
27187.85963
338.46597
18444.55643
456.97725
24629.74690
91.41116
0.00000
313.48430
24462.74534
22129.17680
34548.14001
28039.95115
455.45935
29870.13099
194.43221
22046.23512
35904.05872
19239.09929
23233.80231
487.79914
29197.19276
88.56636
374.48557
22418.54333
382.62863
268.63203
394.44930
263.84330
24688.53303
26030.33968
390.16651
20521.64147
22104.40362
23257.45211
22732.26677
22159.04535
25043.70578
294.61683
329.72178
34284.31895
32675.40296
28232.20104
23839.75106
23449.04265
19953.52770
24181.88238
22954.12328
31226.59475
25024.83858
0.00000
225.39990
297.37027
457.72740
0.00000
23096.51172
19872.07847
130.13839
24593.92450
31055.50527
25115.08937
125.30645
0.00000
32207.85848
23169.86080
19573.61565
20372.08476
19361.63157
407.49081
24234.59266
509.35931
252.27050
20544.32329
22059.09756
0.00000
400.71644
302.07188
365.96170
319.60485
23275.57436
25572.78422
24296.11625
23041.18378
19674.47944
32314.64684
28260.26305
24745.73045
22628.73407
23789.44530
140.65561
286.45254
127.31064
22515.07279
34144.51258
24292.68623
22508.36610
20969.95151
25001.43905
23032.33012
24461.80551
23812.97131
30624.52502
25044.17378
25841.00868
32621.08328
540.34645
24684.05667
250.49972
23350.52460
22030.18196
22042.99842
33027.00394
315.21671
28967.73910
0.00000
35134.39054
33088.40843
23957.69717
25075.25671
29379.87610
24520.09550
457.90001
24805.53493
112.92475
20068.07243
35359.09730
369.12307
24085.58834
