45
105
8511 5078
7983 6852
6881 7965
6781 8026
6523 8164
6452 8197
5190 8506
2270 7209
2198 7117
2106 6990
1970 6776
1568 4254
3754 1716
3846 1682
6014 1637
8361 3981
8505 4786
8463 5583
7474 7492
5228 8504
2885 7804
1496 4755
2384 2655
5113 1489
7921 3050
8490 4611
8511 5040
8494 5351
7595 7365
6380 8229
4682 8497
2449 7414
1488 5066
1991 3188
4071 1613
7244 2299
8025 3215
8062 6719
6746 8047
3396 8124
1520 4521
2966 2136
5075 1488
7363 2401
8412 4170
7886 7000
5614 8457
3225 8030
1495 5221
1488 5007
1809 3532
2575 2458
3997 1634
5173 1492
6560 1853
7305 2350
8101 3352
8466 5565
6555 8148
3625 8231
1567 5742
1851 3443
3047 2080
4589 1512
6916 2057
8344 3927
8509 5139
7992 6838
6324 8252
4796 8506
1969 6774
1512 5415
2065 3070
2590 2444
5562 1533
6017 1638
7995 3167
8392 5910
7195 7741
4699 8499
2231 7160
1643 3967
4017 1628
6330 1749
6579 1863
8120 3388
8336 6097
7387 7575
3057 7926
3384 1881
4707 1500
5849 1592
8320 3855
8177 6496
6394 8223
6250 8282
4008 8369
1673 3873
2013 3151
4668 1503
5640 1546
6735 1946
8147 3442
8151 6549
6083 8340
145
8389 6455
5787 8603
2466 7681
1472 6080
1408 4156
2437 2346
4202 1398
6889 1831
8558 4028
8602 4207
8553 5992
6431 8400
3371 8310
3262 8254
1638 6520
1311 4947
1491 3860
1504 3821
3465 1645
4083 1426
7179 2023
7727 2516
8619 4288
7698 7515
6744 8250
5137 8686
3501 8370
1408 5841
1473 3918
3965 1459
5829 1405
8102 3003
8623 4308
8631 4349
8682 4776
8682 5226
8653 5512
8650 5532
8450 6304
5925 8570
3981 8545
1484 6117
1319 5254
3034 1878
3429 1661
5507 1346
6300 1547
8588 5855
6277 8460
4279 8618
1914 7021
1342 4517
2009 2839
3542 1611
4507 1344
7701 2487
8578 5895
8504 6151
6833 8201
3314 8281
2961 8074
1503 6175
1334 5416
2338 2446
4711 1322
4998 1311
7975 2819
8512 3873
8684 5187
8637 5615
7338 7853
7209 7954
6101 8520
3960 8539
1566 6347
1779 3201
4145 1411
6821 1791
8585 4130
8235 6771
8142 6931
7971 7186
5195 8683
3046 8129
1412 5858
1311 5067
2654 2152
5408 1333
7231 2062
8422 3624
8076 7035
6197 8489
2792 7955
1924 7036
1414 4132
2933 1944
5184 1315
5204 1316
7811 2611
8687 5107
7321 7867
3349 8299
1795 6826
1350 5536
2311 2474
2500 2286
2607 2191
3831 1500
5123 1313
6659 1705
8460 3720
8426 6365
6631 8308
4196 8600
3667 8439
2078 7252
1754 6754
1340 4534
1650 3455
1952 2920
3196 1782
6678 1715
8664 4576
8592 5838
8557 5977
7843 7349
5479 8657
2614 7814
2583 7787
1770 3216
4633 1329
7785 2581
8633 5638
3743 8468
2180 7379
1366 5635
1617 3528
1703 3343
2137 2673
5001 1311
6532 1644
7604 2387
8025 2889
6757 8243
1557 6325
155
8727 5995
8577 6442
8527 6561
7191 8175
6673 8476
4545 8831
2397 7848
2198 7652
1142 4946
1728 2955
3183 1596
3612 1400
6237 1345
7313 1912
8793 4297
8820 4466
7702 7752
6711 8457
3145 8382
1974 7393
1221 4222
2610 1970
6033 1282
8184 2822
8519 3420
8659 3779
8231 7108
7529 7913
4122 8756
3853 8683
3630 8606
1773 7114
1371 6311
1560 3253
4547 1168
7531 2088
8465 3304
8829 5472
8254 7072
5988 8729
5441 8832
2302 7758
1201 4326
2156 2392
3054 1668
5930 1255
8059 2649
8562 3519
8856 4895
8637 6284
7747 7708
6029 8718
3087 8350
1946 7358
1265 4032
3416 1481
4804 1146
7938 2500
6395 8596
2939 8261
2211 7666
1342 6228
1258 5941
1142 5050
1331 3805
2715 1891
3000 1700
6539 1462
8047 2633
8839 4618
7776 7678
5183 8853
1306 3887
1718 2971
2562 2009
5340 1157
6772 1573
8854 5153
6990 8305
5076 8857
4392 8809
3488 8549
3469 8541
1919 7322
4443 1182
6281 1361
6657 1516
8687 3864
8803 5644
7510 7929
7170 8189
4498 8825
3748 8649
1596 6817
1252 5918
1396 3622
4065 1256
4107 1246
6979 1688
7213 1840
8834 4577
8857 5026
7239 8141
2589 8012
1147 5198
2144 2405
3962 1284
6868 1624
7419 1994
8626 3682
8855 4855
7833 7618
4967 8857
2066 7505
2450 2104
5913 1251
8539 3463
8845 5306
5479 8828
2555 7984
3678 1375
4234 1218
5704 1206
7090 1757
7267 1878
8693 3886
8841 4642
8708 6064
8168 7201
8118 7271
8092 7306
7557 7888
7442 7986
4709 8847
1605 6833
1232 5832
1184 4427
2894 1767
5493 1173
6944 1667
8813 5583
8470 6684
5774 8779
4665 8843
4053 8740
3888 8694
1527 6680
1374 3679
1543 3286
2006 2566
3499 1445
3923 1295
5109 1143
7739 2283
8347 3082
137
8532 5513
8416 6036
7805 7207
5567 8524
3045 7987
1455 5425
1474 4436
1649 3766
3198 1918
5450 1458
6386 1710
7625 2581
7679 2640
8114 3254
8566 4841
7400 7642
5311 8556
2947 7920
1723 6416
1921 3192
2463 2487
5509 1466
7219 2204
8311 3665
8032 6883
7716 7315
7264 7759
4657 8553
2300 7336
2163 7167
1569 5987
1773 3472
1825 3366
4384 1483
7474 2426
7794 2778
8248 3520
8567 5120
7279 7747
5876 8460
3769 8351
2420 7468
2024 6973
1499 4298
1994 3073
3131 1958
4171 1527
5333 1445
7013 2051
8559 4724
7888 7098
6123 8388
3676 8315
1649 6231
1447 4651
1671 3708
1708 3616
1748 3525
4133 1536
8289 3612
8112 6748
7170 7834
6309 8321
4322 8505
3422 8202
2560 7606
2214 2766
5017 1430
7831 2826
8510 4352
7513 7535
6976 7973
4517 8537
2149 7149
1432 5125
2806 2183
5018 1430
8003 3069
8567 4864
8467 5848
8102 6766
7308 7723
5406 8546
3547 8260
2848 7848
1635 6192
3184 1926
8355 3779
7944 7019
5989 8430
4012 8430
3042 7985
2210 7227
1599 3912
2951 2076
5902 1545
8514 4373
7554 7494
6958 7985
4281 8496
2530 7578
1432 5143
1836 3345
1953 3138
2253 2719
4564 1456
7160 2158
8163 3345
8554 4668
7648 7393
3840 8376
2078 7051
1480 5596
1800 3415
2731 2243
3034 2019
4059 1555
8524 4433
8167 6646
5483 8537
1596 6077
1631 3816
1855 3309
3833 1626
4022 1566
6075 1595
8406 3932
8470 4161
7862 7133
7039 7930
3953 8413
2472 7521
1540 4119
2969 2063
5279 1440
8136 3294
8552 4650
143
8506 6436
6313 8553
3775 8585
2943 8182
2554 7894
1321 5906
1548 3437
3976 1351
4325 1271
7238 1942
8412 3352
8513 6417
8456 6553
7578 7776
7387 7942
7371 7955
6293 8561
2960 8193
2177 7527
1620 6713
1506 3533
1514 3514
4346 1267
7548 2196
8448 3429
8763 5442
7435 7902
4867 8786
2837 8111
1659 6787
1297 4194
1396 3828
1640 3247
2016 2664
4099 1319
5164 1214
7256 1956
7991 2674
8749 5547
8149 7105
6679 8396
3383 8426
1429 6267
1316 4111
3619 1471
4202 1295
6683 1605
6739 1633
8506 3565
4096 8679
1730 6915
1310 5863
2017 2663
4535 1239
7759 2403
8788 5002
7855 7491
7132 8131
3812 8598
1573 6616
1594 3339
2807 1910
3053 1749
7518 2169
8068 2777
8588 3783
8750 4457
8039 7262
6954 8245
6191 8596
2940 8180
1678 6822
1301 5821
1233 4586
1651 3226
3838 1393
7207 1920
7642 2284
8753 4479
7621 7735
7335 7983
4948 8788
4612 8769
1264 5634
1723 3097
4432 1253
5689 1274
8788 4983
7797 7555
4465 8751
1496 6441
1211 5005
1269 4335
7472 2129
8768 4605
8779 4731
8216 7002
1351 6023
1243 4501
1431 3725
3485 1526
6591 1561
7732 2375
7928 2595
8667 4047
7182 8097
5762 8711
4092 8678
2091 7428
1212 4878
1354 3965
1446 3685
4289 1278
6817 1675
8737 4377
8772 4648
8462 6539
6843 8310
3099 8278
2598 7930
1442 6303
1533 3470
3129 1704
5525 1247
8786 4859
8724 5697
8074 7213
6560 8452
5093 8787
3340 8406
1793 7019
1511 6478
1542 3450
4044 1333
7704 2346
8318 3171
8787 4881
8280 6896
7679 7678
4296 8723
2332 7690
1333 4045
1883 2845
109
8772 5399
7942 7395
5748 8719
4344 8736
2976 8209
1404 6211
1225 5388
1206 4989
1221 4652
1263 4339
1607 3302
1874 2848
3635 1459
4303 1270
4345 1262
7597 2235
8744 5609
8591 6221
8549 6340
8142 7125
7832 7524
7566 7794
5602 8745
2632 7964
1998 7320
1372 6110
1211 4799
2174 2467
3996 1341
6815 1668
7902 2556
8765 4538
8791 5127
7657 7707
5225 8787
2534 7883
1215 5261
1306 4131
1360 3927
3835 1389
6532 1529
8369 3256
8776 5359
8636 6082
6681 8400
3872 8622
3028 8241
1221 5345
1840 2899
2458 2183
4639 1223
5102 1207
7777 2415
7862 2509
8793 5044
7716 7648
6793 8343
5287 8783
2731 8041
1206 4965
1707 3114
2106 2545
2276 2358
4765 1213
7568 2207
8350 3220
8619 3861
8721 5735
8005 7315
6604 8437
4760 8786
3632 8538
1431 6288
1246 5553
1207 4881
1772 3005
1888 2829
7458 2110
8258 3055
8476 6519
3154 8315
1614 6713
1274 5719
2277 2357
3463 1531
6456 1496
8085 2791
8427 3372
8682 4085
8793 4919
8695 5860
7437 7907
6829 8323
4361 8739
4278 8724
3849 8615
1568 6617
1272 4293
2669 2005
4494 1239
6418 1481
8792 4878
6251 8581
3610 8530
1757 6970
2720 1967
4081 1318
7345 2018
8710 4209
130
8990 5133
8270 7291
5127 8990
4463 8956
3158 8543
1555 7020
1117 5933
1490 3095
1625 2865
4618 1025
4972 1007
8218 2637
8899 4142
7890 7754
6321 8767
5981 8870
2508 8120
2372 8006
1268 6420
1216 3724
2985 1552
5283 1017
7892 2246
8758 3652
8889 5902
8380 7125
6829 8549
3099 8511
1684 7225
1145 3957
2928 1586
5084 1007
5614 1054
7026 1559
8369 2857
8985 5245
8694 6515
6403 8738
4177 8907
4155 8902
1923 7545
1020 4676
1545 2996
4246 1078
7121 1617
8577 3225
8981 4692
8894 5882
7497 8115
5720 8927
5412 8971
2648 8226
1229 6314
1310 3473
1843 2554
4117 1105
4598 1027
4642 1023
6092 1159
7518 1901
7877 2232
8652 3386
8992 5025
8281 7275
5653 8939
5257 8984
1007 5007
1057 4367
1176 3848
3221 1424
6814 1443
8736 3592
8987 5203
8898 5861
6464 8714
3642 8755
1127 5973
1061 4344
3103 1485
6325 1233
8670 3428
8774 3697
8189 7402
7810 7836
7763 7882
4371 8943
3038 8477
1106 5886
1270 3574
2636 1781
6051 1147
8864 3995
7040 8432
6545 8681
4392 8946
1622 7129
1351 6621
1099 4147
1373 3328
1764 2659
2912 1596
5132 1009
8406 2917
8895 4125
6904 8509
4833 8989
4502 8961
3599 8739
1161 6100
1152 3931
1971 2398
4867 1009
5465 1034
8496 3071
8692 6519
6726 8600
2112 7757
1378 6681
1049 5579
2105 2249
5902 1110
8182 2588
6981 8466
6189 8811
5187 8988
2978 8443
1878 7489
1022 4649
1818 2586
3048 1516
104
8130 6620
6668 8105
5714 8451
4799 8519
4526 8493
3427 8154
1559 5767
1484 5263
2565 2450
4295 1546
4838 1478
6788 1962
8442 4242
8446 4261
7657 7315
5656 8463
3253 8062
1855 6593
1518 5555
2349 2676
5093 1476
5619 1529
8239 3610
8523 5098
7340 7635
5790 8435
2784 7742
1475 4949
1865 3386
2594 2423
4859 1477
7671 2700
8469 4378
8181 6517
6128 8339
4583 8500
3730 8288
1838 6558
1499 5418
1950 3231
2469 2546
6873 2013
8262 3665
8522 5139
7096 7833
5227 8517
1646 6086
1666 3853
2119 2967
2165 2904
4451 1517
5271 1485
6687 1905
8494 4533
8509 4670
7940 6943
7929 6960
6090 8352
5109 8523
3784 8308
3548 8212
2359 7335
1863 6609
1795 6468
1806 3508
2086 3015
3900 1650
6807 1973
6923 2046
7254 2290
7444 2459
8500 5413
7264 7701
4913 8523
2620 7600
2385 7364
1697 6233
1478 4849
2928 2147
5622 1530
7760 2807
8399 5932
8275 6303
6699 8088
4062 8398
3950 8364
2707 7677
1881 6643
1603 4057
3240 1945
4979 1475
6689 1906
8473 4400
7367 7611
6144 8333
1628 6028
1894 3331
3378 1869
3920 1644
7373 2394
7844 2917
7878 2965
8319 3814
7906 6994
190
8203 6547
6988 7950
6453 8247
5172 8553
2416 7446
1951 6834
1507 5677
2390 2581
2858 2158
5390 1463
8141 3329
8491 4313
7575 7454
6971 7961
4307 8489
3186 8061
2197 7191
2046 6983
1555 4109
3069 2010
6271 1677
6597 1820
7165 2177
7604 2575
8498 4352
7616 7411
7052 7906
4018 8419
2125 7096
1971 6867
1675 3732
3449 1797
3574 1739
5819 1537
7259 2251
7683 2664
8557 4981
5835 8458
4228 8473
2245 7252
1486 5559
1469 4554
1727 3603
4348 1502
5991 1583
7408 2381
8517 5533
6699 8125
4286 8485
2856 7840
2270 7282
1942 3180
3852 1632
4232 1525
6217 1656
8178 3401
8528 5456
5051 8557
3698 8311
1574 5963
1467 5421
1801 3440
2236 2758
4291 1513
4525 1473
7007 2062
8262 3581
8415 5997
4073 8435
2374 7400
1515 4280
2530 2438
3189 1936
3433 1805
6875 1976
8133 3314
8448 4123
7806 7187
6468 8241
4655 8541
4596 8535
2308 7326
2060 2995
2419 2550
5216 1448
6439 1746
7798 2803
7882 2913
8537 5379
4694 8544
3845 8365
1608 6075
1820 3404
2249 2742
4448 1485
5453 1470
7215 2215
8035 3144
3569 8257
1563 5923
2546 2423
8115 3281
8493 5673
2791 7789
1789 6533
3225 1915
5237 1449
6723 1887
8471 4221
8555 5124
8403 6038
6116 8378
2581 7609
2495 7527
1596 6036
1698 3672
3762 1664
3930 1606
7673 2652
8428 4049
8425 5962
8080 6780
7268 7741
4108 8444
1458 5338
1465 4589
1497 4374
2462 2505
4217 1529
5297 1454
5533 1482
7951 3013
8282 6373
5983 8419
4830 8553
3899 8383
2076 7027
1780 6514
1481 4471
2740 2251
5650 1502
5920 1563
8338 3768
8395 3936
8553 4829
6677 8137
5421 8532
2064 7010
1643 3819
3314 1866
4706 1454
8496 4339
8390 6077
7791 7206
5848 8455
5381 8537
5361 8539
3012 7951
1461 4626
4667 1457
7369 2345
8463 4185
7753 7252
7386 7639
5635 8500
1482 5532
2265 2723
5003 1442
5960 1574
7295 2281
8549 5245
7250 7755
5537 8517
1715 6367
1505 5668
3474 1785
3527 1760
8006 3097
8288 3641
8164 6626
7676 7344
7355 7666
6623 8166
2962 7917
1813 3417
3729 1676
8557 4990
8108 6731
4531 8527
1498 5628
108
7792 7248
5707 8514
4321 8520
3436 8225
3418 8217
1466 5604
1830 3324
2164 2806
2858 2124
5727 1489
6732 1861
8453 4036
8183 6648
5745 8506
5153 8581
2954 7944
1415 4929
1466 4394
1812 3359
2303 2637
4342 1475
4757 1423
7244 2204
7878 2863
8156 3299
8582 4861
7116 7893
3877 8404
1554 5991
1859 3271
2764 2197
5941 1540
6785 1891
8286 3568
8558 4564
8579 5200
7409 7654
6072 8420
5371 8565
2777 7813
2315 7375
1436 4610
3174 1914
6151 1604
7135 2120
7322 2268
7412 2347
8229 3442
8544 5537
7147 7870
4793 8579
4595 8562
1523 5874
1426 4709
1672 3666
2278 2665
4619 1435
6628 1806
7701 7356
5975 8449
2654 7711
1415 4927
1760 3464
3529 1730
6227 1631
6922 1974
6973 2006
7891 2880
8354 3736
8501 4232
8552 5479
8285 6435
8217 6580
8191 6633
7210 7822
7000 7974
5820 8489
1509 5815
1445 4529
1695 3609
2958 2053
4131 1521
6752 1872
6838 1922
7949 2962
8491 5813
7241 7798
5349 8567
2608 7670
1866 6741
1470 4371
3493 1746
6001 1557
8420 3925
7802 7235
6550 8232
5269 8574
4494 8549
4065 8461
1700 6401
1485 4293
2527 2404
5436 1441
8194 3373
8414 3907
8429 6044
6441 8282
5209 8578
115
8529 5000
8492 5507
7541 7448
6755 8061
3840 8333
2722 7695
2548 7538
2371 7354
2059 6951
1695 6237
1564 5806
1547 5729
2438 2572
2907 2158
6075 1639
6923 2041
8480 4415
8518 5274
7581 7405
7269 7702
6296 8282
1975 6818
1936 6751
1480 4734
1573 4154
3550 1782
5270 1481
7344 2362
8458 4299
8489 4473
8194 6500
7796 7152
5560 8484
5268 8518
2590 7577
2423 7411
1477 4792
1506 4500
1569 4173
2892 2169
4353 1530
4546 1500
6791 1959
7891 2976
8394 4033
8507 4610
8473 5625
7400 7586
4758 8520
2890 7828
1471 5066
2940 2134
3254 1933
6425 1771
6654 1883
8143 3396
8348 3884
6147 8337
4120 8417
2504 7495
1493 5398
2116 2965
2139 2933
4625 1490
6226 1690
7968 3091
8264 6340
7341 7640
6702 8091
3654 8262
2735 7706
1869 6628
1842 6576
1802 3506
4451 1513
6245 1697
8107 3328
8492 4495
7819 7122
7050 7872
5129 8526
3318 8102
1495 5417
2347 2671
2847 2203
5077 1471
5175 1475
5814 1566
7571 2582
8505 4592
5730 8452
4522 8496
3892 8350
3745 8298
1954 6782
2062 3044
3789 1685
7103 2166
8522 5219
4270 8452
2124 7045
1542 5706
1488 4653
2623 2391
3625 1749
6463 1788
7361 2377
8041 3209
8528 4945
8488 5532
8449 5744
8397 5953
7112 7827
4951 8528
2903 7838
199
8534 6830
8513 6869
8100 7495
7692 7930
4619 8961
2877 8366
1684 7201
1088 4263
1146 4004
2267 2106
2315 2061
4139 1114
5149 1022
7457 1869
8827 3909
8905 4231
8955 4559
7609 8005
5849 8888
2499 8096
2140 7768
1242 6311
1096 5778
1093 4240
2767 1705
4642 1036
5807 1102
7188 1675
7526 1924
8856 4016
8938 5574
7834 7793
4904 8978
3423 8654
1850 7433
1028 4744
1545 3023
3166 1467
5106 1021
7151 1651
8346 2846
8739 3636
8969 4714
8140 7445
4793 8974
1758 7309
1021 4898
2399 1986
5830 1107
7928 2305
8975 4803
8368 7119
7111 8373
3795 8793
1511 6915
1490 6876
1053 5515
1141 4023
1993 2391
2301 2074
3779 1211
5982 1143
7806 2177
8769 3721
8979 4958
7221 8302
6061 8835
3900 8825
3627 8735
1151 6013
1145 5992
1535 3040
2485 1914
3509 1309
7097 1617
8017 2405
8311 2792
8979 4959
8436 7007
7184 8326
6662 8615
4092 8875
3103 8498
1650 2850
2038 2341
3949 1161
5483 1049
6789 1444
8418 2961
8966 4672
8218 7340
2479 8080
1409 6717
1294 6453
1077 4324
3013 1550
4230 1095
7318 1765
8287 2756
8012 7601
5628 8930
3082 8487
1974 7585
1868 2543
2752 1715
5725 1086
7478 1885
8910 4257
7968 7651
4394 8933
4285 8915
4176 8893
2199 7827
1730 7269
1251 3661
2084 2291
3887 1178
8977 4851
5054 8979
1302 6472
3740 1224
6261 1225
8506 3117
8770 3724
7922 7701
7554 8051
5800 8898
1230 3722
4016 1143
8846 3979
6121 8818
3257 8578
1025 5202
2224 2147
4780 1026
8049 2441
8885 5863
7362 8202
5559 8940
3458 8669
1091 5750
2978 1571
3975 1154
5597 1065
7432 8149
4109 8879
2459 8063
1940 2454
5290 1030
5444 1044
8823 3895
6536 8671
5884 8880
2983 8431
1211 6220
1664 2827
4915 1020
5401 1040
7549 1944
8874 4088
8792 6206
8266 7273
8241 7309
7029 8423
4827 1023
8187 2617
8971 5253
8805 6164
8750 6332
7342 8217
5775 8903
4940 8979
3893 8823
1942 7547
1914 7513
1022 5133
2473 1924
3557 1290
4541 1046
7499 1902
8974 5209
7602 8011
3039 8463
1435 3229
3214 1443
4301 1081
5534 1056
7066 1598
8079 2478
8930 4372
3495 8684
2630 8198
1117 5876
1970 2418
8539 3180
8847 6017
7811 7816
6410 8721
5203 8974
171
8508 5058
8482 5427
7896 6981
7816 7092
5730 8432
5692 8440
3347 8095
1764 6357
1502 5282
1803 3552
1906 3343
4587 1515
5092 1492
6380 1773
7918 3051
7971 3133
8334 6093
6289 8263
5767 8423
5189 8503
3939 8344
2918 7825
1592 5839
1674 3878
2453 2586
2619 2421
3348 1903
4976 1491
7287 2338
7374 2416
8435 4284
8507 5098
8115 6614
7757 7170
7457 7504
5363 8490
2794 7729
1509 4638
2426 2614
4376 1546
4801 1496
5405 1514
7167 2240
7581 2623
8107 3370
8430 5736
7990 6835
5937 8381
4144 8403
2022 6857
1802 6445
1627 5969
2249 2821
3595 1784
6470 1814
8347 3946
8507 4885
8215 6404
6844 7985
6572 8136
5992 8365
3277 8057
2384 7339
1693 6173
2035 3122
4783 1497
6947 2080
8502 4788
7927 6934
7284 7663
6305 8257
2491 7453
2308 7250
1869 6584
1845 3462
2737 2317
3248 1959
4881 1493
7122 2205
8489 4633
8384 5927
7916 6951
6448 8196
4699 8496
2964 7857
1699 6190
2111 3007
3131 2029
4168 1590
4512 1524
7596 2639
8486 5392
8009 6803
5496 8473
5127 8506
3141 7976
1562 5702
2376 2670
4552 1519
6749 1958
7993 3169
8178 3512
8386 4079
6792 8016
4160 8407
2601 7561
1514 4596
1846 3460
4131 1600
7245 2303
8461 4422
7616 7337
6957 7912
6724 8055
4350 8448
2899 7811
2084 6953
1670 3893
3778 1710
5058 1491
5253 1500
6074 1659
6800 1988
8485 4596
8479 5452
6673 8084
4950 8508
2185 7095
1503 5296
1695 3819
2123 2990
3688 1745
4708 1503
5925 1615
6203 1703
8053 3271
8492 5336
7237 7703
4445 8464
2288 2772
3964 1647
4304 1560
5293 1503
7662 2714
8388 5911
5105 8507
2268 7202
1885 6616
1517 5431
2017 3152
3743 1723
5583 1539
8508 4967
8221 6390
4234 8424
1569 5737
1492 4885
2847 2228
7186 2255
8285 3767
8459 5589
8300 6191
7205 7728
3658 8242
3410 8128
1950 6735
1822 3510
3493 1830
5757 1573
7964 3122
7425 7536
169
7944 7187
7083 8018
6700 8250
3399 8300
1443 5897
1334 5132
1453 4062
2511 2305
2841 2034
3492 1656
6195 1532
7050 1958
8354 3516
8577 4192
7919 7220
6328 8418
5683 8603
3381 8291
1710 6622
1420 4200
1551 3751
3327 1735
6330 1581
7541 2355
7832 2669
8606 4332
8667 4960
8626 5549
8188 6812
6589 8305
4027 8536
1775 6748
1737 6676
1459 4041
1776 3249
4227 1414
4589 1355
5139 1334
8039 2947
8632 5509
8037 7055
5440 8641
3235 8215
1343 5293
1339 5232
2137 2706
4030 1462
6809 1809
8346 3498
8662 4798
8484 6144
8465 6202
7750 7426
7626 7560
7262 7887
5094 8666
4065 8546
2524 7706
1480 6032
1341 4743
2256 2565
3476 1663
3663 1584
5885 1440
6880 1850
7807 2639
8170 3155
8180 3172
8393 6393
5998 8529
3093 8133
1755 6711
1739 3319
2087 2769
2325 2490
4550 1359
6370 1597
7103 1994
7727 2547
8118 3068
8577 5811
7508 7675
7229 7912
5479 8636
2805 7939
2568 7746
2177 2657
4490 1367
7002 1926
8587 4235
8667 5044
8609 5652
7610 7576
4442 8625
2172 7336
1503 6109
1980 2917
2270 2549
5202 1337
7186 2054
8277 3353
8352 6488
7355 7811
7146 7974
4261 8592
2333 7519
1333 5087
1519 3843
1611 3595
3331 1733
4512 1364
6276 1561
6558 1679
8511 3940
7977 7141
4908 8666
2707 7863
1607 6395
2204 2625
3117 1851
4431 1376
5608 1382
7847 2688
8240 3282
8657 4720
6266 8442
4181 8575
1833 6851
1660 3482
3897 1501
8660 4761
8651 5351
8091 6974
4582 8644
2886 7997
2691 7850
1792 6779
1539 3784
2560 2260
3743 1553
4093 1445
8053 2968
8665 4863
8649 5372
6872 8154
6766 8214
4967 8667
1963 7057
5083 1332
7603 2416
8436 6283
8342 6509
7827 7337
6111 8495
3560 8373
1414 5771
1994 2897
2897 1994
4293 1400
8506 3923
7176 7952
3826 8475
3541 8365
2753 7899
1917 6988
1379 4413
2054 2814
6086 1496
8008 2902
133
8727 5228
7526 7749
6803 8269
4953 8733
2332 7612
1900 7082
1287 5403
1936 2865
1996 2781
3560 1554
3695 1501
5243 1273
7997 2773
8414 3489
8713 5393
8236 6863
7353 7899
5654 8676
2852 8054
1877 7047
1326 5669
1330 4308
3169 1745
3260 1695
4132 1368
6582 1618
7718 2440
8646 4198
8703 5476
8225 6881
7996 7227
7585 7693
5897 8624
3463 8403
2163 7428
1334 4287
1598 3459
2275 2446
2362 2356
4234 1345
7370 2115
8733 5063
7786 7485
7068 8108
4537 8705
2149 7411
1272 5215
2498 2227
5595 1313
6602 1627
6931 1804
7322 2076
8448 3567
7841 7423
5693 8668
3673 8490
3444 8394
2800 8017
1678 6705
1294 5463
1288 4593
1343 4245
1526 3630
2437 2283
4624 1284
5121 1267
8162 3015
8520 6243
7049 8120
4681 8720
3331 8340
2044 7282
1297 5483
2220 2506
4419 1311
6985 1837
7588 2309
7858 2597
8044 7162
7658 7622
7398 7861
6055 8581
6035 8587
5302 8721
5136 8731
1957 7164
1809 6939
1276 4716
2976 1861
4155 1362
5453 1293
7604 2324
8345 3342
8730 5169
8688 5582
4659 8718
2478 7754
2048 2712
4874 1268
7388 2130
8336 3323
8670 5685
8469 6381
7168 8039
4638 8716
2417 7696
2018 7247
1394 5969
1869 2965
4937 1266
5206 1271
7805 2535
8681 5624
8577 6068
6614 8366
3385 8366
1622 6591
1450 3842
3394 1628
4730 1275
8359 6629
8322 6703
6013 8593
4126 8630
2068 7312
1266 4921
3956 1414
5742 1340
8672 4325
8662 5727
8452 6421
3020 8166
1840 6990
185
7441 7718
6529 8318
3876 8476
2550 7711
1416 5715
1494 3968
3017 1930
5076 1346
6853 1851
8550 4135
8176 6805
6990 8064
5257 8644
4149 8553
2882 7977
1461 5913
1732 3364
4550 1373
6730 1781
8115 3091
8403 6329
7007 8053
3665 8401
3552 8355
3050 8090
1543 6184
1477 5971
2061 2828
3648 1604
5939 1468
8282 3393
8599 5627
8588 5687
6727 8219
5857 8551
1369 5413
1349 4845
2690 2168
5979 1479
6641 1735
7458 2296
7822 2678
8621 5487
7857 7277
5916 8537
5134 8651
2373 7540
1768 6704
1374 5453
2293 2544
3426 1702
6785 1811
8073 3023
8649 4820
8602 5608
8518 5985
7882 7245
7806 7340
4951 8653
2702 7841
1346 4946
2226 2620
2852 2043
3354 1737
4492 1381
7321 2178
8642 5287
8144 6860
4087 8538
3258 8212
2011 7102
1397 5612
1525 3868
2935 1985
5882 1454
6925 1894
7337 2191
8447 3788
8631 4598
8653 4983
8165 6825
7315 7826
6902 8119
3738 8429
2107 7232
1384 5531
1473 4042
2378 2454
5303 1358
7475 2312
8565 4198
6796 8181
4304 8587
3116 8131
1898 6931
1406 4339
2015 2891
2740 2128
5645 1403
7527 7638
6089 8487
3098 8120
2472 7638
1359 4680
2450 2382
3521 1658
5726 1418
8228 3288
8386 6371
7954 7150
5655 8594
2561 7721
1347 4902
2554 2284
4077 1464
5163 1349
8582 4279
7790 7358
2637 7787
1353 5227
1468 4060
1716 3395
2510 2325
3485 1674
6572 1701
7691 2528
7719 2559
8441 3772
8619 4500
8012 7068
7829 7312
6560 8304
3436 8302
2994 8054
1445 5848
1355 5267
1426 4237
1580 3712
2495 2339
4275 1418
7579 2412
8610 4440
8640 5311
8533 5930
4441 8611
3327 8248
1573 3730
6101 1515
7018 8045
4865 8651
4561 8627
1997 7081
1728 6627
1566 3749
8647 5210
6846 8153
6086 8488
4541 8625
2355 7521
5348 1362
7165 2056
8527 4045
8304 6560
5632 8598
3965 8504
1509 6081
2041 2854
4639 1363
8650 4846
8429 6261
3790 8448
1833 6823
1567 6253
1414 4294
1650 3540
3905 1513
7198 2081
8407 6319
7464 7697
4822 8649
2019 7113
1370 4574
2340 2494
2634 2215
3111 1871
111
8763 6005
7177 8230
4157 8803
3947 8751
2502 7990
2293 7802
1163 4321
2569 1954
3478 1413
5038 1104
6249 1309
7880 2376
8894 5108
8892 5173
8439 6830
6900 8401
4820 8891
2141 7647
1695 7063
1156 5634
2113 2383
3782 1299
7572 2073
7966 2474
8734 6111
7908 7592
6649 8529
6206 8704
4496 8863
2082 7582
1104 4966
1104 4922
1256 3919
1433 3431
3301 1493
3660 1341
7214 1794
8895 5066
8020 7461
6288 8676
3221 8466
2354 7860
1142 5548
1408 3490
3282 1502
3420 1438
6271 1317
7540 2046
8893 4872
8214 7201
6841 8433
6102 8736
3575 8626
2811 8223
1414 6524
1352 3631
2727 1835
6065 1252
7440 1963
8741 3913
8890 4786
7863 7641
4645 8879
1198 4148
3743 1312
4223 1182
7107 1723
7911 2410
8451 3192
8581 3466
8827 4271
8876 4614
8826 5734
3414 8559
1306 6240
1255 6075
1178 5759
1663 2988
3092 1602
5793 1185
6129 1271
8129 2680
8895 4960
8829 5714
7028 8326
3594 8633
1850 7293
1203 4126
3521 1395
4567 1128
6998 1655
8528 3348
8447 6814
8385 6928
6120 8731
3142 8424
1837 7275
1133 5480
2072 2428
5194 1108
5731 1173
8390 3079
8720 6156
8175 7257
5032 8895
1941 7413
1191 5821
1895 2646
5281 1114
6457 1386
6810 1550
167
8510 6624
7035 8289
4121 8766
2048 7499
1838 7227
1202 4262
2553 2003
3608 1390
4544 1158
4651 1147
5868 1230
8286 2960
8841 4550
8352 6929
7437 8003
7336 8082
4099 8761
2061 7515
1173 4431
1580 3192
3236 1557
5445 1157
7405 1970
7786 2317
8689 3837
8491 6664
5825 8778
2602 8035
1673 6974
1144 5309
1136 4815
1295 3886
2588 1975
5659 1188
6057 1279
8554 3475
8610 6388
6053 8721
2704 8113
1233 5881
1981 2581
4653 1147
5786 1212
6303 1358
7602 2138
8865 4851
7662 7806
5676 8808
2219 7689
1282 6068
1133 5094
1216 4197
2831 1797
7440 1998
8852 5346
7566 7893
5313 8855
2791 8175
1170 5543
1486 3382
4377 1182
7817 2350
8580 3536
8821 4404
7692 7777
7086 8256
5119 8866
4776 8861
2584 8020
2264 7734
1177 4407
2868 1772
3692 1359
5534 1169
6815 1584
7832 2366
8798 5730
6673 8487
3745 8658
2970 8292
1270 6025
1744 2910
2121 2415
2150 2383
5427 1155
6700 1526
8604 3597
8854 4682
8674 6208
6417 8598
2951 8280
3221 1565
5935 1246
6545 1454
7744 2274
8427 3206
8437 3226
8867 4962
7263 8136
6214 8672
3704 8644
3061 8347
1762 7117
1309 3841
6245 1337
6565 1463
8849 4619
8638 6311
6919 8358
5460 8840
2418 7880
1253 5961
2094 2446
6798 1575
7077 1737
8847 4598
8756 5921
8401 6841
6632 8506
5945 8750
5353 8851
2308 7777
1235 4109
1553 3244
6226 1331
7668 2200
8857 5285
8680 6190
6375 8615
4923 8867
2071 7527
2152 2381
4170 1222
6508 1438
6912 1637
8845 5414
6992 8315
5776 8789
3040 8335
1160 4531
2444 2096
4066 1246
7921 2465
8705 6109
8450 6747
6333 8630
5222 8861
4750 8859
1182 5622
2026 2526
4638 1148
8774 4155
8867 4922
8723 6048
8550 6533
8074 7347
7242 8151
2613 8044
1648 6931
1412 3555
1535 3280
3477 1444
5981 1258
7115 1761
8760 4093
8150 7244
8125 7279
135
8280 6986
5122 8833
2777 8125
1256 5834
1203 5541
1497 3437
2129 2456
3600 1429
3882 1331
5101 1166
7161 1832
8595 3665
8103 7252
7195 8144
5461 8807
3156 8362
1455 6463
1359 3794
5038 1165
6450 1449
8699 3990
8811 4575
8650 6175
7686 7736
6288 8611
3559 8554
2953 8243
1172 5243
1866 2789
2060 2536
3083 1678
3195 1616
6048 1310
8166 2836
8259 2978
8749 5805
8344 6877
7701 7722
4928 8834
2523 7928
1168 5157
3945 1312
4954 1165
7688 2265
8248 2961
8803 5490
7818 7600
5982 8706
1190 4561
2832 1836
4424 1208
5884 1268
7764 2341
8028 2647
8735 5868
7280 8083
5732 8764
4821 8830
4250 8761
3577 8561
3459 8512
1578 6732
1216 4371
1394 3692
2643 1974
5967 1289
8610 3708
8726 4095
7803 7616
7480 7925
4650 8819
2003 7393
1332 6119
1184 5389
1373 3751
6966 1707
8191 2873
8538 6477
8423 6728
8267 7007
6562 8502
3817 8647
3616 8576
1607 6787
1313 6057
1880 2769
2528 2067
3988 1300
8179 2855
8808 5450
8530 6497
7121 8194
6792 8390
6464 8544
6103 8672
2112 7523
1189 5431
1457 3531
3350 1537
5191 1169
7421 2025
8304 3054
8680 6077
6483 8536
3208 8390
1943 2683
2022 2582
4259 1237
8677 3912
8668 6118
6143 8660
5562 8793
4081 8723
1667 6898
1563 3297
2662 1959
5615 1214
6162 8654
5687 8772
2931 8229
2488 7897
1183 4621
1310 3952
1970 2648
5278 1175
6455 1451
6726 1575
8792 4433
6039 8691
4583 8812
1576 6728
1169 5195
1329 3890
1348 3829
1526 3373
148
8689 6511
8187 7395
7713 7921
6608 8648
6588 8657
2799 8324
1572 7036
1151 3959
1539 3020
3690 1234
4574 1035
7191 1669
8979 4757
7808 7829
6464 8708
3964 8850
1453 6822
1169 3895
1642 2849
3859 1179
4884 1014
5700 1075
8120 2518
8889 4122
8948 4449
8327 7197
7460 8137
6866 8523
5589 8943
5236 8979
2197 7835
1433 6782
1163 3915
3712 1226
4378 1061
4796 1018
6730 1408
7888 2251
8581 3247
8951 5531
8159 7431
4926 8986
3793 8800
1242 6333
1099 4173
2691 1749
4974 1013
5767 1087
8241 2678
8979 5245
8518 6874
7562 8054
6706 8603
4748 8979
1752 7312
1066 4346
1236 3682
2480 1909
4599 1033
7375 1797
8980 5224
8671 6555
7388 8192
6212 8798
2927 8406
2778 8310
2527 8127
1483 6879
1200 6206
1065 5647
1974 2403
2280 2084
7748 2111
8984 4848
5564 8946
4592 8966
4242 8914
2164 7802
1676 7202
1020 5250
2430 1951
4490 1045
6672 1380
7516 1907
8852 3974
8758 6329
6883 8514
4438 8947
1487 3113
3087 1501
5087 1013
8572 3230
8844 6055
7187 8333
5933 8876
5911 8881
3748 8785
3256 8585
1234 6310
1130 4040
3225 1429
6199 1197
8699 3513
8858 3997
5254 8978
3396 8650
1925 7538
1078 4278
1863 2538
6552 1327
8970 5359
8643 6618
8430 7032
7852 7786
5342 8972
4988 8986
4045 8871
2273 7909
1072 5688
1035 5424
1074 4299
4100 1115
7065 1589
8217 2645
8939 4388
7957 7673
1421 6757
1312 6515
1093 5796
1669 2807
8830 3892
8311 7220
1019 5225
3490 1309
3951 1153
7735 2099
8892 5864
8633 6640
5994 8860
2506 8111
1320 6535
1028 4649
2416 1963
3866 1177
5902 1116
3893 8830
1277 3572
2126 2235
164
8940 5000
8938 5109
8123 7401
5344 8924
4906 8938
4448 8901
1681 7124
1169 4078
1506 3178
2080 2354
4973 1060
6012 1192
8603 3405
8806 3983
8806 6017
8677 6413
8149 7367
8068 7471
7837 7733
4818 8935
3561 8667
1383 6563
1061 4900
2491 1961
5649 1113
8289 2830
7911 7654
7852 7718
6608 8596
5925 8829
5668 8882
4774 8933
2138 7708
1069 4725
2311 2119
2560 1905
3831 1237
5821 1146
8189 2687
8770 3858
8783 3900
8477 6851
7532 8018
6687 8560
5080 8939
3259 8534
1149 5834
1334 3554
2700 1800
4581 1082
5433 1083
7075 1650
7602 2041
8933 5221
7565 7990
1936 7477
1357 6501
1190 6004
1088 4527
2187 2241
2280 2149
7094 1662
8084 2548
8360 2943
7954 7606
5384 8921
2714 8209
1061 5117
1311 3615
3917 1211
7131 1686
7651 2086
7809 2237
8870 4263
8212 7281
6744 8532
5406 8919
3826 8761
3357 8581
1340 6459
1090 5487
1359 3492
1439 3312
3897 1217
4998 1060
5239 1067
6492 1353
8709 3673
8781 6105
8526 6756
4793 8934
2244 7815
1095 5530
1109 4374
4649 1075
4692 1071
7241 1760
7520 1971
8924 5354
8506 6796
7445 8089
4293 8876
1260 3757
2143 2286
5371 1077
7021 1618
8072 2533
8868 5744
7340 8169
3993 8809
1503 6816
1067 5246
2346 2087
4153 1152
4238 1134
7621 2058
8935 5180
5878 8840
4638 8923
3101 8452
1826 7335
1079 4611
1955 2499
3711 1276
6331 1291
8732 3737
8573 6660
6442 8666
3494 8641
3081 8441
1750 7228
1073 4676
1075 4654
5611 1107
6773 1481
8429 3059
8853 4181
8485 6837
8158 7355
5554 8900
5009 8939
1060 5047
1248 3797
2129 2301
2547 1915
5997 1188
7333 1825
8926 4679
8939 5073
7213 8259
2855 8305
1453 6716
1126 5721
4198 1142
5892 1162
8597 3392
8727 6276
8608 6582
7476 8064
6317 8713
6276 8727
4375 8890
1774 7262
2814 1721
159
7487 7707
4244 8598
1702 6626
1461 5998
2116 2718
3179 1805
3987 1465
6631 1704
6917 1862
7502 2306
7591 2391
7915 2758
8328 3438
8676 4939
7605 7595
5361 8659
2802 7948
2549 7741
1406 5779
1324 4886
2359 2441
3057 1878
3074 1867
5057 1323
6102 1492
7221 2070
8425 3663
8255 6709
7889 7274
5824 8583
4565 8651
3887 8504
3072 8131
1838 6877
1472 6036
1356 5497
1778 3227
4106 1433
4690 1336
6199 1524
7350 2172
8638 5530
7070 8038
6500 8356
4302 8610
1616 6439
1528 6210
1354 5476
1330 4763
6180 1517
6447 1620
6954 1885
8649 4553
8551 5951
8336 6545
6234 8463
4102 8565
2232 7421
1340 4640
2143 2684
3199 1794
3490 1646
5017 1323
5847 1422
7965 2826
8167 3132
8431 6320
5921 8559
1508 6151
1344 4599
1497 3881
3911 1487
6902 1853
7519 2322
8676 5044
8309 6602
7299 7869
5702 8609
4930 8676
4361 8621
3429 8324
2547 7739
1868 6927
1391 4296
3604 1598
5548 1364
7840 2665
8505 6109
8185 6837
6931 8128
5999 8538
4022 8544
2152 7326
1766 6750
1326 5169
1372 4396
1379 4355
1421 4155
1973 2912
2568 2241
4571 1348
5203 1328
7399 2213
8267 3313
8466 6226
7558 7640
4180 8584
3884 8503
3465 8341
3318 8270
1956 7063
1342 4618
1950 2945
4612 1343
5528 1361
5770 1404
7430 2240
8372 3535
8610 5695
7392 7792
6699 8260
5316 8663
1325 5147
1369 4415
2320 2482
4592 1345
5630 1377
7059 1953
7321 2148
8037 2928
8655 5392
8054 7046
4907 8675
4683 8663
1378 5634
1479 3937
2585 2227
4270 1396
4755 1331
8476 3802
8545 5974
6788 8212
2717 7882
1389 5694
2265 2541
3682 1566
7816 2636
8659 4639
8673 5149
7150 7982
1921 7011
1708 6639
1842 3115
3551 1620
6800 1793
8554 4057
7897 7263
6344 8422
2896 8016
124
7235 8200
4604 8883
3296 8512
2514 8010
2272 7792
2121 7637
1116 4599
2303 2176
5749 1168
6924 1603
8644 3600
8866 5541
8269 7132
6064 8756
3534 8618
1204 5912
2107 2378
3455 1414
5450 1122
8394 3072
8534 3342
8596 3480
8893 4719
8901 4871
8702 6237
8551 6620
7509 7990
5339 8889
4006 8775
3315 8521
1911 7387
1098 4857
1899 2627
4135 1192
7721 2200
8754 3931
8455 6815
7855 7662
5853 8809
2666 8129
2479 7981
1102 5225
1301 3751
3905 1252
6253 1302
8516 3303
8603 6502
8445 6835
7998 7500
7424 8059
5703 8840
3027 8368
2076 7586
1096 4986
1569 3135
3397 1439
7056 1681
7902 2389
8886 4634
8845 5671
6651 8537
6269 8691
3007 8357
1598 6916
1335 6345
1123 5462
2499 2001
3319 1476
5128 1098
6597 1437
8853 4377
8857 4398
8901 5133
8871 5500
7320 8139
5830 8814
4990 8903
4300 8840
1556 6839
1147 5633
1393 3506
5171 1099
5964 1216
6418 1362
8136 2675
8665 6342
6329 8670
2951 8323
1285 6201
1172 4230
2517 1986
2636 1892
2706 1840
6111 1257
8016 2521
8856 5609
8024 7468
6708 8510
3371 8547
3701 1318
3825 1276
7113 1717
8057 2572
8875 4529
8786 5949
8104 7366
4815 8899
1674 7045
1226 3997
3888 1257
7168 1753
8150 2694
8319 2945
8683 3707
5443 8878
4002 8774
1431 6584
1445 3384
4203 1178
4503 1127
5519 1130
6359 1340
8489 3249
6918 8400
187
8732 6109
7176 8229
6166 8715
2886 8270
1556 6818
1498 6703
1185 4215
1498 3296
2099 2401
2905 1717
5726 1174
6747 1520
8543 3385
8417 6867
6510 8588
6041 8752
4734 8884
2070 7565
1122 4642
2203 2290
5190 1110
6532 1420
8627 3584
8341 6999
6185 8709
2940 8304
2372 7873
1126 5398
1290 3816
2589 1942
4758 1113
5620 1155
6250 1312
7587 2089
8893 5023
8032 7443
6389 8637
5914 8785
4050 8776
3032 8360
1640 6968
1489 3314
2327 2167
2359 2138
3846 1280
6958 1634
8320 2966
8777 5944
7350 8104
4113 8791
1827 7258
1151 4404
2265 2227
3130 1583
5600 1152
8275 2893
8687 3749
8568 6558
7710 7795
7502 7983
7367 8091
5871 8795
4473 8858
4452 8855
1596 6892
1442 6582
2944 1692
4330 1163
7668 2164
8387 3079
8864 5478
8861 5499
6953 8368
5379 8875
2501 7986
2276 7783
1295 6198
1259 3918
1895 2649
3402 1448
7107 1725
7215 1797
8893 5004
8699 6216
7975 7511
6858 8421
6743 8481
3514 8599
3278 8492
1765 7168
1106 5049
1832 2735
2712 1849
5301 1117
5366 1123
6232 1306
8216 2805
8882 4702
8328 7020
8259 7130
6325 8661
3048 8369
2467 7957
1301 6218
1758 2842
3644 1349
5086 1106
6615 1456
8701 3792
8592 6501
6466 8607
5784 8814
5528 8857
4237 8818
3756 8690
1407 6501
1133 5458
2132 2365
3228 1532
4848 1108
6998 1657
8605 3528
8768 4021
8382 6928
7988 7496
3694 8668
2600 8066
1160 5650
5496 1137
8167 2735
8869 5438
8677 6280
7723 7782
5312 8881
3837 8716
1486 6678
1336 6318
1395 3527
2696 1860
4720 1116
6048 1249
7199 1786
8841 4360
8851 4424
8888 5201
4299 8830
4024 8769
1328 6297
1222 5945
1127 4593
5902 1211
8323 2971
8461 3216
8742 6075
6282 8676
2772 8194
2531 8011
1951 2577
7037 1681
7464 8014
6700 8502
5568 8852
3008 8346
1108 5132
2062 2443
2269 2223
3997 1237
6715 1504
8790 4108
8883 5289
8814 5782
7041 8315
4404 8848
1715 7091
1107 4893
1305 3768
1912 2627
3506 1403
7444 1969
8639 6384
6910 8392
4747 8885
2136 7639
4124 1205
7478 1996
7625 2124
7796 2290
173
8429 6848
5747 8823
4627 8878
3070 8384
1505 6723
1129 5442
1281 3838
2940 1692
4627 1121
7714 2205
8652 3644
8790 4099
8800 5859
8498 6714
8275 7110
7790 7718
6728 8491
3032 8362
1765 7172
1486 6684
1329 3693
2503 2009
2604 1927
5492 1135
8141 2695
8814 4205
8397 6906
6410 8631
6329 8662
6165 8717
3260 8486
3126 8415
1415 6525
1238 6014
1597 3102
3579 1372
5126 1106
6393 1361
8480 3248
8721 6152
6937 8380
4949 8895
4474 8860
2884 8271
1717 7098
1167 4298
2056 2447
4095 1210
6652 1471
7896 2393
8818 4228
8226 7183
5531 8859
3575 8626
1903 7364
1358 6384
1352 3631
1507 3273
4479 1138
7268 1832
7867 2362
8888 4764
8099 7360
7878 7625
4948 8895
4238 8820
1293 6199
1110 4769
1383 3549
1973 2546
4652 1119
7669 2162
8367 3040
8882 4679
8603 6480
6954 8370
4323 8836
3757 8692
1728 7115
1226 5970
1527 3234
5962 1224
6555 1428
8689 3749
8552 6600
8447 6814
5357 8879
3777 8699
1812 7240
1126 5416
1184 4211
1489 3311
2296 2194
3285 1501
4161 1195
7287 1846
8578 6541
7962 7529
5721 8828
5335 8881
2449 7945
1104 4984
1961 2561
2174 2317
3889 1265
7509 2019
8742 3915
8753 3957
8467 6776
6099 8737
4859 8893
1704 7077
1180 4231
1240 3978
3643 1347
4719 1114
5985 1230
7591 2091
7933 7563
5269 8886
4902 8894
2383 7886
1109 4788
2854 1747
4099 1209
5838 1195
7884 2380
7913 2413
8491 3272
8676 3710
8560 6582
8057 7414
7007 8338
6181 8712
2808 8220
1532 6775
1512 6737
1430 6560
1162 5671
3932 1252
5796 1186
7734 2225
8302 2932
7500 7987
5972 8772
4150 8802
3451 8575
1896 2645
3268 1510
6735 1511
7461 1979
8886 5267
2350 7856
2064 7561
1456 6619
2222 2268
5175 1107
7657 2151
8453 3196
8738 6096
8198 7224
5094 8894
3234 8473
2496 7984
1210 5903
1128 5434
1117 4678
2542 1976
5456 1130
6216 1298
8647 3631
7597 7904
6033 8756
195
8895 5834
7459 8134
5589 8940
3880 8823
2138 7771
1022 5231
1016 5032
1389 3316
1467 3158
1609 2907
3817 1195
6319 1240
8117 2519
8921 4296
8956 4536
8587 6733
5850 8892
5785 8905
2411 8028
1245 6334
1021 4788
1361 3376
1932 2458
2481 1913
4182 1100
6173 1192
6278 1226
8408 2937
8976 4757
8956 5464
8660 6572
7132 8364
6766 8570
6666 8618
3320 8612
1300 6478
1066 4370
1218 3747
1757 2685
4907 1017
8104 2503
8938 5597
8074 7533
6421 8721
6400 8729
6170 8808
4331 8927
1716 7256
1028 5318
1344 3416
2202 2163
2877 1628
3610 1266
7301 1747
7426 1839
8886 4124
8968 4648
8980 4825
8059 7551
5891 8882
5235 8977
4006 8858
1308 6497
1148 3979
1707 2757
2465 1926
4227 1091
5240 1023
6025 1150
8443 2996
8786 3762
8876 4081
8983 5002
8961 5422
6062 8839
2891 8380
2151 7785
1098 4194
2712 1738
5152 1018
7118 1625
8704 3533
8908 5773
8894 5838
8483 6932
3120 8512
1152 6035
1670 2811
2587 1829
6069 1162
8290 2753
8936 4386
8962 4584
8983 4981
7971 7653
4438 8944
3500 8691
1859 7451
1845 7433
1043 5470
1635 2866
1920 2472
3386 1357
6530 1321
8550 3192
8971 5314
7524 8082
6167 8809
4724 8974
4220 8906
4025 8863
1740 7290
1063 4388
1263 3618
1906 2489
5419 1038
6792 1441
8466 3036
8947 5534
8154 7432
5077 8983
2796 8319
1985 7604
4845 1019
7358 1788
8188 2611
8316 2792
8744 3639
8493 6915
8272 7272
7834 7799
4789 8978
4132 8888
2668 8230
1449 3192
2434 1952
3408 1347
6220 1207
6733 1412
8580 3253
5517 8950
3276 8591
1460 3171
5531 1051
8740 6372
7910 7720
7090 8391
4501 8952
1701 7234
1017 5114
1786 2645
5750 1087
5858 1109
7046 1581
8982 5118
7329 8232
3852 8815
1430 3230
4363 1067
5880 1114
7749 2117
8541 3175
8628 3354
8982 4897
5603 8938
3620 8737
3953 1155
7288 1738
8930 5647
8919 5713
7538 8070
4852 8981
2577 8162
1016 5024
2958 1578
4870 1018
6716 1404
7141 1640
8972 4699
7655 7969
4477 8949
4411 8940
2867 8365
1187 3845
1736 2715
3826 1192
5839 1105
7877 7755
6698 8603
4586 8962
1060 5596
1546 3013
8601 3296
8573 6762
1815 7393
164
8668 5471
7855 7351
6840 8208
4974 8698
3044 8139
1588 6430
1332 4518
1429 4034
1758 3217
3941 1455
4789 1306
7802 2586
8330 3391
8521 3868
8666 4508
7788 7430
6768 8248
5909 8585
4563 8673
3980 8555
2628 7838
1840 6923
1313 4701
3098 1827
3922 1461
7379 2168
8053 2912
8690 4754
7576 7654
5137 8696
2889 8037
1380 5763
2287 2485
4852 1303
6841 1792
8540 3928
8698 4919
8163 6917
5748 8622
3440 8354
2370 7601
1338 4475
2841 1996
6323 1545
6788 1762
8584 4086
8697 4878
7676 7552
4725 8688
4117 8592
4097 8587
2216 7435
1423 5942
2113 2686
2662 2133
6110 1471
6734 1733
8237 3210
8437 6366
7866 7337
4827 8694
2487 7715
2326 7556
1351 4393
2995 1891
4669 1315
5530 1339
8019 2863
8607 5818
7704 7523
4357 8642
2853 8012
2369 7600
1456 6060
1657 3415
2538 2239
2893 1959
3615 1570
6589 1659
8461 3696
8544 6057
7391 7821
5725 8627
4397 8649
3129 8191
2870 8024
2109 7308
1579 6408
1343 5558
2101 2701
4999 1301
6808 1773
7751 2527
8112 3000
8628 5719
7295 7900
5624 8645
1322 5395
1330 4534
2167 2621
3154 1794
6287 1532
6645 1687
7972 2798
8208 3159
8675 5415
8328 6613
5945 8576
3799 8498
1499 6195
1955 2898
2570 2210
4549 1328
5694 1366
8367 3470
8443 6350
8223 6814
6654 8308
5419 8675
4274 8627
1796 6849
1698 6668
1461 6077
1348 4411
2221 2558
2762 2054
5836 1396
7123 1970
8661 4473
7528 7700
4599 8677
2515 7740
1422 5938
1802 3140
3282 1724
5554 1342
8559 3991
8561 6000
7261 7926
6523 8370
3417 8343
3074 8158
1688 6648
1307 4777
1792 3157
1933 2931
4166 1396
5936 1421
8146 3055
8696 5130
8587 5902
7615 7615
4987 8698
2800 7974
1948 7090
1785 6829
1410 4107
2779 2041
5289 1312
6095 1466
7141 1983
7305 2107
8353 6560
8127 6974
115
7131 8240
3910 8722
2682 8110
1121 4967
1130 4730
2631 1928
4801 1126
6930 1635
8778 4124
8870 4742
8768 5918
8564 6530
7202 8192
4478 8843
1904 7338
1465 6598
1284 6114
1223 4112
3098 1618
5297 1132
8226 2846
8797 4209
8835 5580
7559 7914
4842 8875
2067 7538
1390 6419
1316 6216
1172 5631
1793 2817
2878 1752
5575 1163
8296 2955
8415 3160
8863 5346
8861 5367
8671 6250
7622 7857
5337 8864
3663 8641
1755 7125
1234 4069
1972 2574
2027 2507
2230 2284
2988 1683
5082 1121
6586 1460
8512 3353
7894 7582
6983 8333
3403 8535
1686 7016
1261 3964
3769 1321
6913 1626
8706 3856
8835 4423
8863 4658
8294 7048
5698 8815
4454 8840
3825 8696
1609 6885
1135 5330
1279 3902
2042 2490
3428 1453
5449 1147
7996 2536
8802 4232
8810 4275
8854 5433
4262 8808
1558 6789
1121 5028
1613 3108
4697 1132
6082 1275
8090 2655
8179 2777
8717 6108
6907 8377
5033 8878
3783 8683
2079 7552
1138 5372
4483 1155
5854 1216
8395 3125
8485 3297
8587 6475
8432 6806
7805 7678
3303 8488
3037 8346
1156 5521
1724 2922
2917 1727
5279 1131
8832 4404
7849 7632
5355 8862
3539 8593
3130 8399
1528 6730
1495 3337
3489 1427
8748 4004
8641 6335
5074 8878
4197 8795
1927 7368
1179 5669
1193 4255
130
7281 8190
6360 8678
4754 8914
1744 7187
1243 6127
1078 5010
1409 3422
3609 1332
5103 1079
5494 1109
7957 2424
8847 5758
7263 8203
6541 8606
5579 8878
3669 8689
1219 6043
1250 3850
2836 1729
5082 1078
7228 1772
8920 5110
8668 6386
6969 8391
5123 8920
2451 7981
1145 5724
1096 5379
1898 2599
3858 1247
4068 1190
5409 1099
5539 1115
8123 2627
8286 2859
8913 5263
8863 5673
8331 7070
7208 8241
4471 8886
4001 8792
3896 8763
1382 6515
1365 6475
1493 3243
3984 1211
5690 1139
7900 2360
8175 2698
8900 4589
8705 6285
8364 7014
7384 8113
6479 8632
1203 4016
2037 2429
4239 1152
4670 1091
8070 2559
8921 4915
8235 7216
5856 8827
4491 8888
2062 7598
1130 5636
2293 2161
3292 1469
3901 1234
4325 1136
7541 2013
8921 4938
7867 7675
2416 7951
1637 7018
1142 4291
1177 4121
1284 3744
2556 1932
6840 1536
8030 2510
8821 4118
8874 5611
7791 7754
4275 8854
3364 8564
2550 8062
1500 6770
1207 5997
1576 3087
2231 2221
6526 1387
6763 1496
7492 1971
8754 3866
8566 6631
5790 8841
1310 6329
1166 5827
1514 3201
1771 2772
5043 1078
6446 1354
8787 6017
8711 6267
7347 8141
4061 8808
1989 7514
1424 6612
1090 5310
1078 5070
1456 3318
5391 1097
8738 6185
7517 8007
6354 8680
5810 8837
3522 8633
1175 5869
2097 2362
2375 2085
3178 1526
5779 1156
6304 1301
8580 3398
8880 5570
8064 7447
7952 7581
7466 8048
5162 8918
4359 8869
157
8378 6845
8201 7138
6274 8632
2682 8074
1172 5415
1679 3051
3340 1526
4084 1260
7443 2024
7620 2179
7651 2208
8803 4404
8554 6480
7712 7732
6029 8709
2648 8048
1636 6873
1595 6797
1216 5711
1191 4434
1312 3892
2147 2414
2787 1849
5123 1151
7605 2165
8078 2688
8813 4468
7902 7529
5100 8848
3835 8669
1318 6126
1247 4139
1576 3237
3477 1463
3736 1363
3858 1323
5969 1274
6093 1308
7683 2239
8521 3443
8768 5787
8713 6016
5014 8849
1993 7404
1575 6758
1596 3199
3058 1675
5845 1243
7027 1727
7327 1933
8486 3366
8651 6221
7523 7907
5525 8813
4374 8798
1491 6585
1170 5392
1164 4666
1747 2940
5466 1178
8348 3100
8845 5195
7424 7990
6006 8716
3317 8463
3241 8424
1311 6104
1493 3409
1691 3030
4275 1218
4443 1190
8579 3583
8724 5976
7829 7611
7800 7642
7648 7793
5226 8843
1536 6680
1200 5624
1295 3950
1345 3787
1451 3507
2328 2228
4806 1154
6919 1662
8836 4683
7755 7689
5182 8845
3374 8490
3259 8434
2853 8196
2032 7452
1152 5134
2790 1847
4550 1176
6844 1620
7933 2506
8847 4854
8268 7034
4754 8842
1887 7266
1207 5665
1703 3010
4130 1249
6379 1405
8539 3485
8643 6244
6817 8393
3510 8550
2870 8207
1665 6924
1290 3969
2238 2317
3520 1445
6808 1601
8618 3685
8099 7283
7321 8071
6741 8433
4625 8831
1837 7195
1202 4365
3117 1641
6617 1506
7717 2272
8042 2641
8715 3991
8805 5581
7454 7965
7286 8097
7251 8122
6644 8481
2643 8044
1150 4939
2108 2458
4215 1230
6559 1479
8107 2726
8340 3085
8836 5327
8827 5412
8688 6103
6983 8299
6227 8648
1612 6830
1333 3824
1513 3367
3762 1354
8193 2849
8848 4900
8034 7369
5625 8798
4880 8848
3667 8612
1304 6079
1210 4322
4363 1202
157
8612 5628
7083 8017
4048 8541
3473 8334
2214 7385
1610 6399
1580 3675
1900 3039
2993 1930
5603 1383
8049 2963
8464 6200
6589 8304
5177 8662
2792 7928
2422 7608
1420 5797
2215 2613
3834 1523
6772 1789
7280 2128
8628 4473
8167 6847
7065 8030
5298 8654
2555 7733
2350 7535
1505 6111
1668 3468
2176 2660
4935 1333
7818 2654
7831 2670
8666 4920
8081 6987
5741 8591
5135 8664
4708 8655
4546 8638
2695 7852
1336 5171
1334 4906
1957 2953
3150 1833
6368 1597
8179 3172
8619 5590
8292 6615
7213 7923
5277 8656
3289 8243
1572 6302
1445 4100
3081 1875
5944 1456
8276 3352
8659 5226
6857 8161
4890 8665
4026 8535
3811 8469
2266 7444
2060 7192
1348 5332
2284 2535
4774 1339
4896 1334
7201 2067
8623 4435
7624 7560
7432 7743
4787 8660
2335 7519
2147 7304
1426 4178
3722 1562
4071 1452
6256 1554
7298 2142
8294 3390
8445 3746
8527 3998
8553 4096
7916 7222
4828 8662
1400 4297
2544 2276
5446 1360
8149 3121
8394 3613
8519 6029
8470 6184
7879 7270
4685 8653
2708 7863
1674 6544
1533 3805
1574 3690
2748 2105
5708 1402
7514 2330
6977 8088
4043 8540
1564 6281
1344 5289
2412 2401
3666 1584
3994 1473
5264 1342
7378 2208
8498 3902
8367 6451
8359 6470
6837 8173
3340 8270
1383 4396
2530 2288
4594 1355
5828 1427
8390 6395
7491 7690
1783 6761
1529 6184
1501 3900
2413 2400
4940 1333
8041 2951
8011 7092
4622 8647
1833 6849
1799 3209
2300 2517
4838 1336
5968 1463
7860 2706
7678 7504
5028 8666
3249 8221
2969 8053
1345 4697
2702 2142
4293 1401
6486 1647
7603 2417
8271 6656
8045 7043
7799 7368
5068 8666
1986 7089
1365 5489
2472 2342
4636 1351
5409 1355
7456 2277
7838 7321
5894 8556
1357 4574
162
7947 7510
4886 8870
3566 8596
2773 8168
1129 4902
2953 1712
5253 1136
7356 1927
8377 3106
8807 5706
7988 7461
5636 8819
3666 8635
1704 7032
1670 6977
1359 3681
1639 3077
1810 2804
2518 2027
5743 1200
5891 1231
5974 1252
7147 1777
8711 3898
8845 4550
8606 6409
7018 8304
6944 8348
3446 8546
1240 5925
1835 2768
2189 2336
2688 1893
3121 1614
4080 1238
7556 2092
8196 2815
8869 5152
8814 5665
8513 6627
6054 8725
4202 8789
1627 6901
1430 3500
4588 1149
7760 2284
8558 3474
8871 4916
7371 8061
3889 8709
2370 7842
1871 7280
1350 6294
1150 5416
1567 3207
2901 1746
3236 1552
6603 1475
7835 2362
8761 5918
6886 8381
6519 8561
3544 8587
1411 6455
1422 3519
2570 1985
4976 1128
6740 1541
8478 3299
8542 3436
8264 7081
5675 8812
3173 8414
1157 5479
1263 3986
2375 2153
5534 1165
5788 1209
7653 2180
8839 5497
8635 6331
7178 8201
5377 8853
2547 7996
2306 7782
1260 6005
1800 2819
1926 2644
4293 1193
4741 1136
5831 1218
8072 2643
8817 5646
8298 7027
6655 8500
3364 8509
2514 7968
1882 7296
1132 4812
1980 2576
5300 1139
7203 1816
8525 3398
8868 4833
8309 7009
6317 8640
1724 7064
1646 6935
1156 4533
1520 3301
5322 1141
7042 1710
8269 2926
8871 5027
8564 6513
6112 8708
2804 8189
8750 5964
7723 7751
5967 8749
1946 7380
1159 4510
1192 4298
1247 4046
2049 2492
2393 2136
3693 1354
4106 1232
5044 1128
7361 1931
7733 2257
8394 6862
6456 8587
2839 8212
1210 5793
1475 3396
2692 1890
4253 1200
7495 2039
8866 4792
8656 6273
7315 8103
4451 8832
1326 3776
3435 1458
5174 1131
8853 5373
7467 7983
5415 8849
1486 6628
1128 5023
4466 1164
8778 4155
8690 6172
6151 8696
5797 8788
4280 8804
1417 6469
1185 5665
2079 2457
7277 1868
8128 7281
149
7353 8069
4972 8867
1801 7174
1631 6901
1191 4326
3066 1650
3508 1430
4952 1132
8066 2642
8736 5999
7161 8207
4607 8848
4437 8826
3083 8360
1493 6633
1432 6495
1142 4709
1301 3866
1512 3326
2252 2277
4311 1193
6462 1419
7585 2123
8603 3594
8500 6644
7631 7834
6979 8323
5186 8863
4120 8766
2670 8088
2327 7796
1620 6881
1136 4815
2673 1910
3894 1293
6926 1645
7145 1781
7216 1829
7303 1892
8287 2961
8786 5791
7872 7590
4713 8857
4457 8829
3586 8600
1862 7261
1133 5116
2238 2292
5659 1188
8106 2695
8385 3128
8395 3147
8626 3655
8730 6021
8154 7238
6176 8684
3849 8692
3566 8592
1320 6191
1665 3040
1928 2648
2743 1858
5447 1157
7440 1998
7787 2318
8206 2836
8465 3281
8839 4531
8393 6856
5990 8739
3252 8450
2388 7853
1240 4092
1852 2751
3393 1481
5277 1141
7457 2012
8803 4298
8674 6207
6498 8566
2826 8199
1194 5690
1199 4280
6243 1337
8157 2766
8863 4810
7451 7991
3827 8685
2452 7910
1823 7207
1296 3883
2331 2199
3182 1585
6325 1366
7667 2198
8564 3497
8776 5835
8631 6330
8023 7412
5161 8864
2188 7656
1264 6004
2255 2274
4147 1227
6545 1454
6966 1669
7947 2495
8865 5134
8809 5667
8339 6952
7691 7778
6769 8439
5439 8842
2532 7979
1154 5412
4592 1153
8802 5710
6574 8532
1201 5730
1634 3093
2960 1713
3614 1388
3634 1381
5344 1147
5790 1213
7580 7881
6111 8704
5052 8867
1332 6228
1303 3860
4232 1208
7605 2141
8212 7154
6274 8652
2598 8032
2172 7639
1134 4853
2799 1818
4980 1132
5622 1182
6287 1352
8220 2857
8705 6109
5650 8812
5266 8858
2099 7559
1455 6548
1186 5644
3017 1678
155
7785 7742
4561 8884
2088 7608
1868 7339
1249 3896
3217 1521
3314 1472
4973 1091
6315 1318
8803 4096
8906 5152
8398 6931
6655 8541
3432 8580
3392 8563
3120 8427
1158 5722
1100 5270
1103 4684
1908 2607
2162 2311
5686 1151
8310 2920
8839 5735
6849 8444
4667 8894
3313 8526
2131 7655
1880 7355
1584 6901
1262 3853
3494 1392
7149 1735
8139 2670
8907 5088
8136 7332
7428 8063
4152 8816
2663 8133
1170 5785
1869 2658
4628 1108
5343 1106
7662 2137
8520 3301
8893 4655
8901 5241
8418 6895
8029 7469
3024 8373
1132 5570
2224 2247
2479 2011
5149 1093
5192 1095
5409 1112
7891 2369
8378 3033
8663 6363
6904 8413
4045 8790
2329 7854
1146 5656
1282 3790
2318 2156
3396 1435
4115 1192
7381 1900
8601 3480
8777 3994
8908 5003
8479 6781
7720 7806
4882 8907
1143 4358
1496 3267
3536 1375
5085 1091
6986 1633
8904 4808
8186 7263
6533 8595
5915 8800
2071 7588
1322 6326
1092 5093
1180 4166
1333 3645
1992 2503
3885 1253
4243 1164
6699 1479
8034 2535
8312 2923
8898 5286
8260 7156
8095 7386
7672 7852
5616 8860
5574 8866
3251 8496
1501 6744
1325 3665
2810 1761
2975 1656
3012 1634
3457 1408
7024 1655
8702 3746
8891 5373
7900 7620
4837 8905
4001 8779
1593 6916
1176 4186
1297 3746
2304 2169
2582 1927
4416 1134
5541 1128
6279 1306
8688 3705
8554 6626
6709 8515
1520 6782
1100 4722
2739 1810
8154 2691
8745 6119
4296 8845
4254 8837
3709 8689
2729 8182
1091 5004
6010 1223
8129 2657
8594 3464
8816 5847
7525 7983
3936 8761
1507 3244
1821 2724
4140 1186
5240 1098
8391 3056
8884 5440
6307 8683
3057 8392
1202 5927
1106 4656
1134 4418
6053 1235
8848 4316
7105 8293
1351 6403
188
8974 5309
7355 8217
6964 8469
6648 8630
4706 8976
3462 8678
3320 8616
2949 8419
1139 5996
1016 5165
2214 2147
4202 1093
6067 1158
8681 3468
8954 5508
8487 6931
8277 7269
5850 8895
2426 8045
1013 4921
1151 3959
1444 3195
4509 1043
7338 1770
8689 3489
8969 5377
8159 7431
5523 8952
2014 7642
1129 4044
3242 1421
4269 1080
7888 2251
8974 5311
8626 6655
6339 8755
4616 8968
1985 7609
1041 4522
1425 3234
3882 1172
4554 1037
5195 1017
6259 1217
7410 1824
8341 2824
8781 6264
8662 6575
7679 7952
7317 8244
6042 8848
2742 8286
1013 4964
2200 2161
4643 1028
8051 2433
8888 5881
7900 7736
7629 7997
4091 8882
2292 7926
1018 4786
1283 3557
4054 1126
5285 1023
8377 2881
8704 6473
7188 8332
6564 8667
3665 8757
1206 6227
2396 1980
4358 1064
5790 1092
6929 1510
8883 5904
6745 8584
3540 8710
3197 8556
1117 5906
1456 3172
7601 1978
7905 2269
8874 4061
8548 6817
7224 8308
3706 8771
3276 8595
2027 7656
1189 3827
1508 3074
2534 1866
2822 1660
7733 2097
8324 7200
7593 8027
6104 8831
4745 8978
4197 8905
2389 8013
1024 4695
2482 1908
4933 1013
7685 2052
8864 4019
8971 4651
7741 7894
4392 8940
1650 7163
1482 6876
1451 6817
1669 2807
4317 1071
7995 2369
8790 3764
8567 6779
8223 7347
5297 8975
4066 8876
3937 8842
1061 5621
1044 4496
2786 1683
4691 1024
6115 1172
6389 1262
8842 3934
8965 4586
5142 8984
1364 6637
1408 3269
3718 1224
4166 1101
8205 2628
8960 4543
8956 5493
8347 7165
2472 8083
1788 7362
1246 3656
2571 1837
3052 1521
5685 1072
6473 1295
8584 3253
8526 6860
6143 8819
5582 8944
4522 8958
1115 4102
5113 1014
5903 1116
8043 7575
1909 7518
1410 6735
1177 3866
3910 1164
7938 2305
8895 4152
7786 7851
1028 4647
1532 3031
3574 1276
8913 4239
8805 6187
5514 8953
2921 8402
2645 8217
1084 5749
2318 2049
4872 1015
5709 1076
6098 1167
8843 6060
8685 6521
1880 7482
1853 7448
1218 6262
1040 5464
1270 3591
3555 1284
3784 1202
3954 1152
4365 1063
5535 1049
8450 3001
8929 5672
7144 8360
200
8047 7481
7690 7864
4107 8827
2548 8071
2447 7988
1610 6988
1485 6758
1275 6254
1189 4038
3525 1357
5690 1131
6724 1468
8593 3410
8427 6922
7442 8078
5581 8886
5559 8889
4493 8897
3443 8608
1133 5704
1588 3048
3131 1542
4538 1097
5061 1070
7891 2338
8929 5066
8891 5545
7962 7582
7657 7894
5645 8876
5080 8929
2847 8288
2206 7764
1100 4508
3074 1574
3546 1348
5798 1151
7375 1869
7754 2197
8232 2764
8449 3117
8894 5524
8867 5696
8734 6225
8660 6430
7475 8052
5145 8927
4362 8877
3727 8718
1811 7297
1125 5660
2334 2111
2653 1847
8549 3312
8528 6731
7009 8377
6401 8671
3051 8413
1889 7402
1229 6106
1071 4877
1283 3721
2516 1954
2550 1926
2742 1782
4302 1132
6548 1387
7252 1779
7562 2020
8351 2948
8916 5330
8760 6143
6421 8663
4882 8928
3502 8633
1341 6436
1288 6293
1320 3618
4823 1073
5714 1135
7428 1910
7848 2291
8922 4763
8905 5439
8697 6330
8152 7346
8139 7363
3562 8657
1473 6735
1093 4571
1537 3141
3899 1227
4005 1198
6940 1582
8501 3216
8762 3863
8856 4244
8498 6791
5878 8830
4252 8858
1464 6715
1421 3375
3211 1500
6055 1214
7446 1924
8872 4331
8477 6830
7264 8212
6193 8744
2900 8321
2069 7618
1302 6332
1207 3970
1352 3535
1740 2803
3001 1615
4390 1117
6449 1346
8662 3575
8848 4202
8674 6393
8600 6575
5791 8849
5272 8920
4858 8927
4770 8923
4727 8920
4187 8845
1070 4918
1816 2696
1935 2539
4456 1107
5866 1166
5951 1186
8009 2472
8918 4700
8300 7132
4944 8929
3067 8422
1134 4288
3673 1300
8613 3455
8929 4919
8783 6062
6149 8758
3744 8723
3029 8400
1075 5200
2570 1910
5132 1072
8079 2558
8441 3102
7117 8310
4443 8890
2699 8186
1834 7328
1257 3800
7870 7684
7521 8014
5959 8811
2408 7954
2327 7881
1113 4415
5024 1070
8159 2663
8226 7243
3065 8421
2052 7599
2783 1754
4632 1087
7550 2010
8308 2879
8656 3558
6230 8732
2989 8376
2216 7774
1070 5067
1844 2658
3821 1250
8388 3009
4462 8893
2662 8158
1073 5154
1156 4177
1371 3490
7131 1698
8911 4617
8027 7505
5722 8862
4700 8918
1530 3154
3656 1306
4096 1175
6166 1246
8378 2992
6927 8424
4613 8910
1911 7430
1076 5218
2169 2273
141
8250 7331
7009 8458
4069 8890
2080 7734
1383 6709
1003 5166
1947 2414
4617 1018
6814 1435
8658 3381
8915 4184
8999 4956
8991 5267
7271 8292
6069 8854
2627 8220
2236 7891
1412 6769
1090 5848
1948 2413
2943 1569
3686 1221
6573 1322
8901 4119
8561 6820
6365 8759
4904 8998
3621 8755
1253 6401
1068 5738
1239 3637
1506 3051
3216 1419
4751 1007
7328 1747
7690 2040
7772 2116
8929 4250
7895 7760
7450 8161
7307 8267
3663 8770
1354 6647
1347 3369
1485 3090
2471 1900
3277 1390
4267 1067
4863 1002
5943 1112
6007 1129
8339 2798
8583 3222
8983 5357
7985 7662
4903 8998
3333 8636
2608 8206
1049 5628
1189 3783
3584 1258
4597 1020
5086 1000
7471 1854
8999 4958
4813 8995
3454 8689
2202 7859
1187 6210
1551 2973
5770 1074
8352 2818
7552 8079
2018 7666
1167 6146
1176 3824
3774 1192
3858 1166
4378 1048
6473 1281
8815 3800
8970 4516
7862 7793
6889 8525
6404 8745
4701 8988
4568 8976
2062 7715
1004 5184
2508 1870
2833 1637
6159 1171
8632 3324
8923 5777
7062 8427
4501 8968
4260 8931
3151 8547
1122 4016
1682 2764
3881 1159
4226 1075
7438 1828
8989 4716
8140 7477
3576 8738
2330 7979
1024 4561
1112 4058
1839 2548
6659 1360
8554 3166
8998 5094
8997 5139
8673 6583
6946 8494
4855 8997
3111 8525
2517 8136
1039 5558
1396 3264
4011 1124
5222 1006
6995 1533
8228 2637
6648 8644
6127 8837
1786 2618
2948 1566
4098 1103
8992 4762
8645 6645
4433 8959
1419 6783
1221 6312
1000 4959
4580 1022
6394 1250
8969 5495
7996 7649
6747 8597
183
7188 8286
5714 8883
4950 8948
1958 7518
1349 6507
1059 4747
1237 3801
1518 3135
2103 2316
4448 1089
6141 1219
7735 2152
8922 4540
8874 5763
8778 6146
7332 8186
6771 8529
5562 8908
2352 7929
1497 6824
1286 6342
1651 2907
3122 1526
4623 1069
6927 1553
7992 2423
8611 3402
8886 5699
7020 8392
5080 8948
1809 7327
1746 7237
1061 5294
1166 4053
3539 1330
5629 1101
8260 2771
8731 6293
7917 7660
4272 8881
2467 8029
1065 5337
1111 4310
2767 1742
5259 1059
8309 2845
8937 4695
8088 7460
6159 8774
4488 8915
1467 6764
1052 4876
1087 4461
2420 2009
4234 1125
7705 2123
8091 2543
8842 4089
8442 6934
7038 8382
4057 8834
3176 8502
1099 5619
1326 3550
1421 3328
2211 2203
5107 1052
7136 1678
8914 4478
8353 7085
6748 8540
4078 8839
2655 8177
1695 7162
1225 3839
1573 3036
3873 1215
6833 1502
7658 2079
8939 5267
8256 7233
5209 8943
3253 8541
1078 5466
1933 2511
7119 1667
8941 4763
8591 6642
4334 8892
3332 8579
2889 8337
1941 7497
1707 7180
1062 4699
1311 3589
2609 1856
5437 1075
7510 1951
8911 4458
8420 6974
7292 8215
5164 8945
4226 8872
3432 8624
1235 6193
1054 4829
2047 2377
7952 2377
8787 3880
8816 3986
8243 7252
8153 7377
7432 8110
4638 8932
2413 7984
1418 6662
1089 5551
1124 4241
2245 2170
5871 1148
8403 2997
5578 8906
3614 8697
1082 4500
2473 1964
3185 1492
5111 1052
7266 1766
8080 2529
8468 3112
8499 3170
8747 3756
8859 5834
8634 6544
2617 8149
1612 7029
1098 4391
4003 1178
6952 1567
8039 2478
8520 3210
8651 6504
7255 8241
1197 6064
1501 3167
1854 2612
3424 1379
5722 1117
8946 5139
8216 7290
7413 8125
6545 8634
4745 8940
3269 8549
1779 7285
1289 3648
2035 2391
3835 1226
6085 1203
8578 3329
8616 6586
5899 8845
2776 8263
1109 5678
1054 5155
1702 2826
7444 1898
8858 4160
8373 7053
5248 8941
1379 3423
3266 1451
4697 1062
7580 2010
8947 5097
6256 8743
3093 8458
2170 2245
2311 2107
2810 1713
3754 1252
7679 2098
8705 3635
154
8527 5735
8500 5852
6616 8220
6155 8412
4318 8537
4200 8513
3112 8068
1466 5705
1677 3605
1717 3514
2896 2074
4835 1400
6581 1762
8553 4402
8171 6710
5905 8487
3445 8250
1842 6735
1400 4849
3012 1995
5096 1398
7996 2999
8518 4226
8189 6675
7377 7707
4258 8525
1861 6769
1497 4155
2357 2550
5356 1414
7209 2153
8303 3561
8599 5161
6945 8032
6543 8255
6524 8264
3986 8457
2751 7814
1832 6716
1735 3476
3705 1637
4202 1486
4597 1419
7349 2268
7782 2711
8590 4702
7376 7708
5728 8528
5312 8589
2910 7935
1451 5624
2484 2420
5732 1472
7651 2560
8143 3239
8293 6460
5980 8467
2959 7969
2301 7387
1911 6855
1515 5917
1903 3157
2400 2505
2708 2219
5635 1453
7178 2130
8593 4743
8309 6424
5687 8536
3534 8291
1510 5897
1854 3243
1967 3054
2091 2872
5178 1401
8535 4307
8416 6144
6892 8065
6737 8156
3793 8395
2892 7922
1397 4985
1452 4368
2373 2533
5557 1440
7894 2854
7941 2919
8192 3329
8242 6571
6719 8166
5410 8579
2273 7355
1553 6050
1407 4725
2306 2607
2457 2447
3254 1847
3541 1705
6512 1729
8173 3294
8602 5064
8504 5837
8089 6853
8079 6870
7235 7825
6771 8137
3964 8450
2221 7294
2134 7184
2098 7136
1402 5204
4700 1409
5833 1494
8220 3383
8577 5424
7219 7838
5842 8503
4550 8574
4176 8507
3040 8023
2507 7601
1675 6388
1402 4804
2648 2269
4740 1406
7018 2015
8601 4885
8058 6905
6035 8451
3550 8298
1659 6351
1414 4644
2024 2968
4109 1508
4961 1397
5241 1405
5853 1499
6180 1595
8482 4076
6373 8330
3158 8096
2778 7836
1723 6497
1637 6294
1846 3258
3152 1906
3728 1628
6728 1838
7383 2297
8528 4271
7802 7264
6483 8283
6242 8381
3279 8165
198
8046 7108
4912 8703
2367 7606
1947 7100
1383 5806
2146 2636
4810 1299
5832 1389
7205 2022
8507 3807
8660 4426
8022 7143
7270 7927
5055 8704
3076 8166
1982 7150
1463 3894
1705 3304
2853 1979
3667 1542
6400 1570
6533 1627
6607 1662
8115 2994
8634 5716
7120 8038
5689 8640
3781 8498
2752 7945
1783 6837
1516 3737
3534 1596
3745 1513
6344 1547
8104 2977
8622 5777
7737 7496
6205 8503
3723 8477
2970 8099
1623 6525
1295 4967
1408 4091
1470 3873
1633 3451
3902 1461
6827 1777
7887 2678
8515 3828
8199 6867
6282 8475
3109 8186
2067 7264
1344 5602
1592 3545
3386 1664
5285 1306
7712 2476
8699 4797
8704 5043
7235 7954
4663 8689
2850 8017
1631 6543
1324 4535
2109 2682
3593 1572
5814 1385
6881 1808
7699 2461
8701 5167
8599 5879
8113 7009
7364 7852
6106 8535
3307 8295
1536 6315
1308 5315
2458 2304
4363 1350
4649 1311
8635 4287
8639 4308
8684 4613
8411 6446
6768 8255
6603 8340
6434 8416
3454 8367
2669 7880
1566 6391
1392 5842
1413 4069
3045 1852
6172 1485
6479 1603
7091 1941
8617 5800
5887 8597
1297 5129
1359 4309
1745 3228
8540 3909
6241 8490
3566 8416
1910 7044
1306 5292
2444 2317
5472 1325
8561 6021
8434 6390
8306 6671
7100 8052
4578 8680
1313 4634
3188 1768
5350 1311
7355 2140
8385 6504
8166 6924
5745 8629
4721 8694
2015 7195
1342 4409
2203 2569
6722 1720
8065 7080
6563 8358
3249 8265
1361 5699
1298 5168
1839 3066
5063 1295
8356 3432
8629 5743
5337 8689
2914 8062
1369 5738
1999 2826
2401 2358
3712 1525
6175 1486
8194 3122
8704 5007
8477 6277
6692 8296
5963 8577
5028 8704
1298 4837
1430 4006
2387 2372
5799 1382
8687 4638
8582 5944
7815 7408
5479 8673
4090 8591
2234 7465
1449 6057
5044 1295
7060 1921
8303 3322
8581 4052
7718 7516
7604 7635
6372 8441
5942 8583
4129 8601
1637 6556
1672 3371
2744 2060
4027 1424
5980 1427
6922 1832
7543 2305
8683 5399
8440 6375
7618 7621
4370 8651
2981 8106
2050 7242
8664 4456
1306 4712
2729 2072
6119 1468
7146 1980
8587 4073
5599 8656
1768 6811
3832 1483
7406 2183
8313 3342
8517 6164
7839 7379
3485 8381
2462 7699
4595 1317
7469 2237
153
6972 8034
3641 8354
3385 8238
2030 7068
1736 6564
1472 5807
1952 3048
2149 2769
4237 1462
7433 2321
8575 5561
7418 7692
6817 8129
6641 8225
4453 8577
2290 7399
1610 6268
1557 6116
1868 3185
2318 2569
3104 1916
5437 1407
6293 1620
6534 1722
8439 3874
8275 6538
7741 7362
7619 7496
6764 8159
5254 8610
4196 8528
2371 7487
1450 5707
1931 3081
3793 1588
4775 1387
7235 2153
8617 5102
8405 6223
7867 7207
7402 7706
4752 8610
1995 7016
1389 4747
2759 2157
5218 1387
7690 2579
8250 3409
8450 6090
7646 7468
6439 8320
3808 8417
3383 8237
1810 3289
3644 1644
6086 1547
7041 2011
7594 2476
7677 2564
8010 2992
8600 5363
8456 6072
6252 8395
3000 8016
2868 7924
1712 3486
1890 3148
3388 1759
6626 1767
8584 4502
8589 4542
8568 5603
8230 6631
5532 8579
4174 8523
1808 6705
1619 3708
3967 1531
6907 1924
7871 2796
8372 3687
3713 8382
3135 8101
2425 7543
1761 6615
1408 5447
1688 3540
3159 1884
3683 1629
5300 1393
7189 2118
7451 2337
7466 2351
8572 4423
8239 6614
5827 8523
5808 8527
2915 7958
1538 6055
1641 3651
1793 3323
2532 2352
3516 1698
4879 1383
5758 1461
8158 3233
5963 8488
2676 7774
1405 4583
2281 2611
3816 1580
6146 1567
7026 2001
7222 2143
8609 5266
8528 5802
6306 8374
6249 8396
3997 8477
1543 6073
1430 4403
1524 3992
1841 3233
4719 1391
5541 1421
5620 1434
6050 1536
8415 3802
8614 4825
8017 6998
6399 8337
5668 8556
3599 8336
1615 6282
1381 4983
2308 2580
4961 1381
6977 1969
8618 4986
8504 5901
6898 8080
1787 6667
1497 4088
8067 3080
8467 6037
6563 8263
4328 8556
1926 6911
1392 5284
3025 1967
5002 1381
7909 2848
8574 5568
110
7861 7052
7157 7782
5752 8439
4391 8468
1792 6451
1586 4138
2024 3117
2403 2621
3751 1707
5733 1556
7693 2732
8346 3904
8520 4980
7494 7484
4352 8460
3272 8068
2803 7751
1663 6123
1482 4833
2301 2738
3993 1626
6166 1677
7339 2368
7731 2777
8454 4320
8265 6317
7615 7357
4506 8486
4409 8471
1833 6539
1491 5301
1724 3709
4182 1575
4528 1510
6349 1748
7668 2703
8434 4225
8518 5118
7233 7722
4122 8409
3897 8343
1982 6813
1816 6503
1487 5242
1596 4098
1944 3250
2157 2922
4977 1479
7792 2855
8520 5080
8116 6638
7948 6924
7893 7005
7627 7343
5826 8422
3392 8132
2428 7405
1482 4850
1547 4307
3554 1789
4510 1513
6953 2070
7940 3062
8244 3631
8412 4131
8433 5778
6346 8253
3657 8255
2311 7273
1532 5610
1809 3510
3790 1693
5271 1489
6669 1899
6855 2007
8515 4807
8134 6604
5362 8502
3021 7912
2973 7879
1535 5628
1906 3317
4979 1479
6839 1997
8514 4788
7201 7748
4044 8389
3531 8200
2725 7687
2822 2233
7370 2396
8519 5101
8177 6517
6593 8139
4990 8520
1626 6008
2278 2765
8274 3705
8410 5875
8087 6692
7752 7196
3003 7900
1599 5913
6280 1720
8155 3438
7027 7878
5087 8519
4560 8493
1990 6827
1513 5491
199
8785 5464
8111 7205
7790 7599
5036 8813
2009 7366
1233 5601
1259 4252
2022 2616
4846 1189
7702 2309
8099 2777
8797 4640
8705 5903
8655 6087
6242 8606
4277 8745
2620 7980
2116 7496
1323 3983
1618 3236
4155 1280
4910 1187
5628 1238
6843 1661
8470 3418
8217 7048
6120 8645
3110 8312
1943 7281
1906 7230
1277 4168
1543 3387
4384 1235
7026 1768
8160 2865
8596 6269
7467 7908
7199 8115
5709 8747
2736 8070
1482 6473
1195 5262
1193 4754
1722 3050
3511 1488
5858 1283
8505 3497
8764 4390
8787 5446
8512 6487
8134 7172
5140 8811
1917 7246
1656 6835
1346 6094
1189 4838
2398 2211
5588 1231
5838 1279
8471 3420
8667 6048
6968 8266
3546 8526
2892 8178
2585 7952
1364 6154
2011 2630
6733 1602
7919 2545
8750 4308
8157 7138
7450 7922
5955 8692
2568 7938
1568 6665
1186 5049
2590 2043
4054 1304
4116 1289
8125 2814
6764 8381
6259 8600
4588 8791
3370 8448
2440 7827
1203 5366
1649 3177
2691 1964
2898 1817
5274 1195
5358 1202
8799 4665
7350 8003
6077 8658
3408 8466
1514 6548
1756 2993
8531 3558
8798 5343
7020 8234
3862 8640
2361 7754
1216 4519
2952 1782
5528 1222
8209 2939
8754 4331
8811 5132
7668 7725
5850 8717
5475 8784
2127 7508
1330 3958
3061 1715
8265 3029
8756 5659
7213 8105
4565 8789
3741 8600
2767 8092
1189 5152
2642 2001
2760 1912
3438 1520
6309 1417
7809 2420
8804 4731
6705 8411
6532 8492
3197 8361
1445 3616
2528 2095
2778 1899
4557 1211
7031 1771
8258 6981
5745 8740
2549 7922
4790 1191
6467 1479
8613 3779
8534 6433
7495 7884
7364 7992
4125 8712
1376 6189
1519 3439
6429 1463
8743 4271
7925 7447
5197 8808
2714 8053
1693 3099
3636 1438
5905 1295
6868 1675
7825 2438
8571 3660
8813 5009
8411 6705
7088 8191
6626 8449
1262 5758
1207 5403
2082 2543
5152 1189
8372 6780
1495 6505
1622 3228
1683 3116
6888 8313
5301 8802
2327 7721
1976 7325
1186 5000
2466 2148
3047 1723
4000 1319
4666 1200
8055 2717
8796 4629
8381 6763
5553 8773
3327 1572
6051 1333
8813 4990
8712 5872
8620 6198
8341 6838
6489 8511
3756 8605
4964 1186
6568 1523
8731 4212
8438 6650
7311 8033
5046 8813
2095 7472
1242 4344
195
8109 6632
6523 8164
5901 8394
4702 8499
3432 8142
1710 6231
1761 3641
2450 2584
2749 2304
4374 1544
5326 1503
5750 1569
7784 2859
8511 5078
8170 6510
6847 7986
6416 8213
4050 8381
1867 6588
1711 3767
2096 3024
2603 2433
4033 1623
5015 1488
7091 2178
7557 2592
7648 2693
8502 4747
8510 4903
7242 7702
7166 7763
6797 8017
5730 8435
3093 7949
2209 7132
1488 4949
1572 4234
3228 1967
5713 1561
6127 1673
8119 3386
8360 6020
7403 7560
4701 8499
3027 7905
1512 5416
1488 4988
1541 4386
1605 4101
1942 3272
3262 1947
4071 1612
5847 1591
6681 1916
8377 4038
7940 6919
6160 8314
2586 7551
1589 5838
1615 4062
2425 2611
3505 1821
5406 1511
5866 1596
7953 3100
8497 5314
7196 7740
3936 8347
2791 7730
1635 6007
1506 4636
1725 3729
2235 2833
3096 2048
5522 1527
5619 1543
7932 3068
8511 4925
8376 5966
7896 6985
6104 8333
6048 8351
3535 8192
2962 7860
1670 6118
2086 3038
4628 1507
7045 2145
7545 2580
7645 7309
5765 8427
1745 6318
1499 4713
2842 2228
4784 1494
8373 4022
8509 5140
8482 5451
7606 7353
6844 7988
3842 8315
3641 8238
2407 7369
3147 2016
5369 1507
6056 1650
8228 3618
8474 5510
8329 6116
6304 8260
4659 8495
4504 8476
4388 8458
3768 8288
2342 7295
2905 2180
7247 2301
8501 4732
7618 7340
3786 8295
2627 7589
1517 5451
2678 2364
3615 1772
4533 1519
4825 1492
7664 2712
8462 5588
8432 5741
7428 7536
6375 8231
4120 8400
2569 7535
2274 2785
7126 2204
8345 3930
8276 6264
5494 8477
4444 8467
3238 8038
1534 5566
3099 2046
6440 1797
8094 3339
8097 6655
2865 7788
1500 5295
1495 4768
1549 4343
1693 3816
3871 1674
4152 1591
4574 1513
4943 1488
8489 5396
7068 7838
3220 8027
1537 5584
3964 1644
7080 2170
8245 3657
4232 8427
1805 6458
1681 6150
1727 3724
2524 2509
8268 6285
6637 8106
1694 6187
1622 5964
3582 1786
5663 1551
5947 1618
7892 3008
8309 6175
2239 2828
2497 2536
8410 5840
3985 8362
2817 7751
2682 7638
1662 6093
1662 3906
3892 1667
6005 1634
8302 6195
2276 7217
1574 5773
2204 2874
5122 1490
7266 2317
8253 3678
7925 6943
5548 8468
1489 5096
180
8434 6384
8188 6882
6788 8242
3274 8276
1670 6619
1309 4701
1381 4213
2706 2092
5283 1307
7444 2218
8633 4285
8693 4733
8055 7091
7285 7913
6147 8520
4058 8581
1577 6412
1491 3816
1547 3662
1670 3379
1775 3179
4361 1352
7696 2461
8621 4225
8696 5227
8315 6648
6715 8281
5260 8693
3514 8391
3094 8174
2972 8098
1815 6890
1360 5683
1415 4072
2723 2079
3707 1529
7104 1953
8146 3048
8506 3809
8661 5554
8511 6174
7680 7555
4664 8687
3218 8246
2802 7980
2609 7827
1424 5964
1627 3471
4321 1359
5772 1378
6844 1789
7682 2447
8628 5737
6585 8346
5136 8700
4479 8666
3290 8284
1349 5622
1306 4740
1518 3737
1916 2949
3424 1649
3574 1582
5285 1307
6477 1604
8588 4086
8333 6613
7363 7850
5586 8656
2352 7588
1568 6391
1442 3971
1746 3231
3499 1614
3962 1445
6933 1842
7037 1908
8664 4470
8601 5859
8207 6849
6910 8172
5524 8665
4155 8605
2655 7866
1297 5068
1302 4801
2676 2116
4102 1407
5511 1332
6171 1487
6421 1580
8011 2844
8548 6058
6433 8414
1677 6634
1297 4985
2891 1955
3187 1770
6365 1557
6683 1701
7289 2089
8658 4430
8523 6137
7635 7601
7167 8002
5093 8701
3473 8373
1317 4615
2231 2540
2841 1991
5835 1392
7369 2154
8137 3033
8702 5066
7516 7716
5886 8595
3643 8445
1393 5841
1431 4009
2273 2494
5492 1329
7175 2003
8682 4615
8643 5660
7149 8015
5845 8605
2766 7953
1322 5435
1416 4068
2315 2449
5675 1359
7796 2572
7901 2698
8404 3544
8568 4010
8098 7027
7545 7689
4865 8700
2467 7701
1298 4901
1873 3015
2087 2713
2961 1908
6056 1450
6988 1876
7386 2168
8680 4595
8503 6198
8454 6333
8131 6976
7604 7632
6977 8130
5439 8676
2512 7743
1299 5126
1941 2911
4550 1324
8319 3358
8652 4392
7992 7180
7943 7246
4946 8702
3893 8533
1434 5998
1729 3263
3541 1596
6310 1536
7495 2264
8496 6218
7529 7704
4966 8702
3622 8437
1501 6213
1317 5392
1480 3849
3155 1789
3447 1638
6520 1623
8310 3341
8527 3874
