23275.57436
24520.09550
24629.74690
22418.54333
24688.53303
25043.70578
25075.25671
23032.33012
24292.68623
25115.08937
23957.69717
22508.36610
23233.80231
23257.45211
23169.86080
23789.44530
24085.58834
22159.04535
22129.17680
23449.04265
22732.26677
24321.62646
23096.51172
24462.74534
24554.44867
22042.99842
25024.83858
25001.43905
22628.73407
24234.59266
23041.18378
23812.97131
22350.30362
24461.80551
22954.12328
22046.23512
24181.88238
24296.11625
24745.73045
24343.36745
25044.17378
24805.53493
22059.09756
22104.40362
24470.10984
