22046.23512
23169.86080
24234.59266
22418.54333
23789.44530
23812.97131
25075.25671
22129.17680
22350.30362
22508.36610
22159.04535
25001.43905
22042.99842
23041.18378
23449.04265
22954.12328
24462.74534
24292.68623
24085.58834
25044.17378
24745.73045
23096.51172
24520.09550
24461.80551
24470.10984
25024.83858
23233.80231
24343.36745
24629.74690
24181.88238
23032.33012
24321.62646
24296.11625
24554.44867
25043.70578
24688.53303
25115.08937
24805.53493
22628.73407
23275.57436
22732.26677
22104.40362
23957.69717
22059.09756
23257.45211
