24470.10984
25043.70578
23789.44530
24461.80551
23041.18378
22042.99842
25001.43905
24554.44867
22628.73407
24520.09550
23233.80231
25075.25671
23275.57436
25024.83858
22059.09756
24296.11625
24181.88238
25044.17378
24085.58834
23257.45211
24688.53303
22418.54333
23957.69717
22350.30362
22508.36610
25115.08937
24234.59266
22046.23512
22159.04535
23169.86080
22954.12328
24629.74690
24321.62646
23032.33012
24805.53493
24343.36745
24462.74534
22732.26677
23812.97131
23096.51172
24292.68623
22129.17680
24745.73045
23449.04265
22104.40362
