15
20
0 5
0 10
0 15
0 20
5 0
5 5
5 10
5 15
5 20
10 0
10 5
10 10
10 15
10 20
15 0
15 5
15 10
15 15
15 20
20 0
16
-484 332
-556 -544
382 -911
-787 -891
855 732
77 -731
781 124
210 -104
-269 -870
833 -76
-410 162
-372 -373
-87 219
-481 458
-84 -346
-676 832
20
801 486
750 827
-779 -611
-930 -995
259 733
915 -500
-634 -941
706 -732
177 -770
641 786
-462 944
-410 -377
468 -818
784 -290
747 -771
-278 -711
678 -775
991 -22
247 -79
-874 119
14
779 244
658 -762
-576 632
227 588
-69 866
-783 -291
316 -473
502 684
-235 -42
-913 279
-863 -389
197 496
479 547
-230 -706
20
-814 156
777 -508
-815 252
-686 375
495 -725
-86 -540
-913 -260
-53 810
-9 -339
-333 -294
738 726
110 -484
-908 673
-279 676
757 590
369 599
-487 862
-668 78
104 -180
146 710
20
598 -229
-561 -371
450 -598
-668 195
-376 314
-624 511
-981 836
-907 276
588 737
-969 -791
-685 -823
-502 231
618 476
-386 205
658 -83
-293 876
851 162
187 -690
494 -379
517 -607
20
433 -12
-789 431
575 -659
-421 177
951 10
121 -346
771 23
-287 -100
250 154
-296 -353
-565 802
777 -485
-269 -253
-998 346
-787 982
-394 982
488 -168
-832 -936
37 223
578 -28
20
319 -609
-132 445
-366 963
-421 809
-96 -163
-113 638
-158 272
-384 569
524 -532
-619 555
250 949
97 481
872 -919
-884 843
-338 -837
-710 -453
800 -38
-494 364
-215 498
-218 -680
20
818 -522
-950 -860
453 -85
63 -455
656 170
-647 -26
428 86
406 -710
599 -443
-964 567
-256 -788
-390 774
70 300
710 -244
-570 -356
183 -602
795 -155
-49 643
925 465
-218 400
15
855 -218
481 391
446 -765
-596 351
394 742
-938 -949
-748 546
-751 943
-514 -723
690 990
999 -487
376 94
971 -921
290 -584
429 786
20
25 -127
-181 170
-462 -747
-942 271
676 -656
-412 737
411 -782
-538 886
-344 -102
566 471
943 85
-434 -659
506 696
-993 -643
91 -521
-425 907
302 543
-989 -478
77 143
-491 208
20
-539 -437
918 205
-36 -928
283 397
-718 610
916 787
159 -67
568 -453
-245 389
-166 -369
-42 955
-565 -235
-577 -634
745 -540
297 498
-742 465
324 -561
537 127
-136 -837
41 -322
20
153 513
948 -897
492 88
-372 106
-161 -371
-241 -895
-445 537
-668 401
640 151
413 -520
-126 -591
-158 -897
-757 681
-589 682
-440 -780
-127 805
-895 -791
-301 -711
-240 -197
-477 -207
20
-211 -532
-686 239
-395 797
-301 98
-980 -434
-344 399
-480 -542
-103 -102
-267 776
88 -660
-621 -549
858 307
538 521
-679 -837
841 262
329 773
-341 752
-147 340
-707 262
-170 317
20
220 -902
-177 597
90 -468
686 -694
-340 -628
-332 -26
-355 68
-359 -735
-852 -227
350 812
542 -857
-740 922
531 978
175 -525
-749 921
-353 73
640 455
-870 556
185 -914
101 692
