45
4
18 169
28 38
48 152
125 183
4
171 174
90 21
33 162
78 121
6
163 114
55 98
192 100
148 143
11 32
111 95
4
129 109
141 71
133 3
147 21
3
34 161
125 109
165 90
8
165 171
3 164
73 193
46 14
104 37
82 79
167 172
26 92
6
77 164
148 109
86 129
31 108
48 167
172 189
5
89 150
34 145
187 181
80 147
176 112
7
127 184
67 142
46 137
9 160
134 103
10 158
160 123
2
183 155
118 126
10
199 130
25 18
8 81
170 194
53 163
45 168
1 131
46 195
144 40
137 165
5
100 28
115 155
188 152
20 88
183 92
3
8 168
198 190
133 187
8
176 140
177 114
75 85
6 175
24 77
126 14
194 150
156 180
6
78 142
12 22
18 90
137 35
31 120
194 146
8
10 2
187 163
88 184
182 184
178 181
164 151
148 25
63 173
3
24 34
9 139
85 69
5
147 78
50 102
94 198
116 123
4 147
7
52 95
36 85
113 104
167 96
16 154
24 24
10 182
4
93 136
1 133
171 63
66 32
5
97 181
185 27
10 92
119 181
172 25
7
77 104
73 160
29 3
136 164
91 181
94 13
178 21
5
32 75
36 18
169 12
50 198
15 94
4
143 199
180 17
139 7
154 85
2
61 93
161 171
7
10 77
141 94
131 139
98 128
100 32
150 137
22 150
4
58 179
185 23
169 3
175 191
8
14 82
111 131
176 175
124 60
137 131
56 154
186 94
122 146
4
189 79
51 30
105 176
51 24
8
89 183
165 63
161 21
80 41
144 44
129 5
189 36
144 39
2
196 178
64 38
9
168 55
30 62
42 198
154 111
159 196
119 6
156 104
15 200
131 135
2
78 16
64 67
3
13 95
122 192
78 146
9
134 120
74 185
48 146
51 177
128 37
35 84
117 198
19 194
60 197
3
185 18
44 126
89 118
9
23 175
31 75
147 88
153 55
30 66
170 174
143 166
93 73
185 184
2
187 95
173 104
9
135 81
131 196
96 32
58 152
132 193
139 93
163 80
92 117
92 142
10
36 56
173 200
161 34
53 77
193 199
163 162
54 102
133 117
78 52
6 129
2
76 17
28 45
4
120 128
185 115
198 24
54 127
9
42 5
178 74
126 132
95 129
197 78
117 200
107 61
194 96
129 86
7
95 159
140 55
71 106
197 141
69 44
89 171
65 101
3
90 61
142 39
167 116
