10
1000
358 248
358 398
248 41
358 17
398 412
412 71
71 87
412 27
412 427
17 832
27 32
71 575
87 641
248 883
832 911
27 726
32 737
427 6
32 560
911 769
769 855
248 297
641 702
702 896
6 923
883 571
896 221
726 562
17 868
641 159
560 926
427 511
562 184
398 773
412 168
562 394
926 772
769 576
511 569
41 696
571 272
32 234
562 806
569 444
923 269
832 490
444 119
576 114
444 298
184 179
562 339
868 965
832 263
71 767
179 308
883 446
926 964
87 949
806 153
923 609
896 452
153 678
27 454
248 112
569 434
248 24
737 520
773 476
114 848
32 904
427 75
263 607
71 220
868 144
609 246
562 639
772 390
926 123
434 388
964 381
490 309
381 586
696 364
119 200
569 146
767 821
17 563
114 108
607 241
159 20
234 690
220 313
146 409
562 464
313 782
398 180
965 625
20 715
563 161
313 56
923 567
769 199
821 65
444 90
161 445
904 131
269 472
444 463
409 169
272 817
17 819
855 720
200 498
769 801
883 742
773 216
75 351
726 405
848 76
576 749
234 997
56 663
965 892
6 258
848 686
586 290
161 322
702 960
832 61
817 640
569 310
221 128
184 95
246 993
220 632
726 503
769 603
607 851
309 679
161 572
452 491
159 551
923 504
575 438
269 338
848 242
576 718
832 597
586 785
444 213
446 976
76 451
576 389
184 812
504 985
964 736
446 735
76 134
702 414
718 459
686 3
56 953
567 856
405 219
641 850
679 619
434 629
883 240
459 914
128 543
364 920
459 689
146 420
720 521
258 611
575 794
41 211
503 99
24 951
742 871
926 11
199 608
641 579
390 265
199 336
926 932
801 959
394 972
569 395
258 655
90 697
219 882
445 799
398 468
856 408
184 495
468 212
309 362
521 68
868 254
134 958
690 971
632 621
388 644
569 895
720 82
923 975
904 406
993 811
169 239
131 375
184 117
131 122
24 126
179 326
914 486
486 591
663 143
579 557
686 447
551 487
491 554
575 502
520 995
995 777
447 288
184 59
463 787
169 945
639 207
640 133
338 826
20 584
406 325
128 901
265 264
851 277
126 754
254 649
569 775
826 493
826 879
444 14
41 432
972 734
17 612
663 15
272 30
775 210
117 653
883 278
964 249
326 604
288 962
99 293
486 577
914 429
735 921
945 941
308 185
41 550
293 193
339 91
604 766
310 635
871 585
146 613
782 786
826 387
133 259
200 833
95 863
817 802
123 744
169 699
960 399
269 517
612 224
297 12
381 618
364 162
941 411
90 96
607 223
224 141
414 595
41 582
720 260
819 324
246 48
817 284
971 515
399 206
408 977
960 711
87 768
554 918
358 481
284 776
734 45
27 453
246 323
863 508
223 360
405 177
486 706
277 183
551 268
892 565
234 74
12 10
817 189
868 79
882 510
629 97
476 700
277 852
495 716
200 739
199 46
24 617
323 861
926 732
434 273
644 127
234 425
502 930
206 139
945 614
212 937
254 507
576 301
264 281
375 368
985 703
521 348
14 573
567 858
491 182
364 810
269 300
468 329
117 55
858 270
508 807
775 680
617 804
180 779
409 294
284 1
263 526
119 471
71 870
985 790
358 261
993 710
625 302
11 695
59 519
945 765
398 809
855 109
444 172
268 561
143 251
565 347
490 537
811 944
459 721
313 92
715 419
59 698
498 991
575 805
782 403
832 623
133 436
75 52
807 86
991 295
472 656
459 862
436 235
270 374
128 968
131 202
95 723
690 460
498 63
128 961
586 999
960 837
639 939
582 215
644 328
926 929
715 913
861 670
603 724
278 160
45 980
806 385
640 204
655 676
582 657
911 580
27 845
995 967
310 236
61 831
962 534
766 857
71 574
347 616
858 860
290 889
445 783
611 244
783 257
895 462
504 800
892 839
826 120
517 599
726 124
579 311
949 318
702 38
856 552
621 78
504 626
290 440
339 365
563 332
295 433
454 658
845 947
78 341
618 173
805 192
967 150
833 287
726 981
134 838
567 897
46 532
261 455
134 825
339 80
325 306
298 694
134 458
117 64
41 719
487 909
236 888
532 103
706 279
189 514
896 864
347 418
92 238
185 688
806 738
447 808
649 353
626 672
734 669
360 378
858 344
850 652
608 340
565 217
61 494
95 397
336 928
409 465
491 39
680 72
339 442
438 910
845 755
720 417
414 780
494 505
670 664
855 413
126 630
688 647
855 190
332 731
726 682
510 477
702 469
190 956
469 536
182 467
947 815
964 101
897 443
901 228
892 485
10 431
162 23
117 104
968 245
399 421
257 262
458 955
328 386
453 334
715 111
724 660
409 106
736 687
838 232
217 927
119 729
460 764
504 523
108 195
845 627
341 989
619 583
340 748
336 814
630 827
348 176
128 792
150 496
526 435
217 761
862 881
971 488
851 771
347 474
210 525
734 708
310 382
108 624
216 247
726 19
273 859
627 252
265 610
821 916
258 798
658 846
868 230
576 692
860 473
30 756
469 781
632 730
689 77
322 377
814 818
11 9
715 966
232 352
269 938
236 979
503 752
9 566
162 401
176 522
332 356
301 266
550 170
389 528
419 936
680 824
690 327
300 186
302 404
958 305
897 705
517 188
663 598
779 866
300 4
752 218
505 558
572 209
786 497
490 506
311 830
832 194
336 165
756 654
832 978
959 350
744 231
268 229
352 893
573 410
117 750
443 564
748 843
12 346
134 422
560 707
109 158
980 366
812 674
855 100
955 542
63 267
603 513
819 274
567 196
12 615
525 828
825 743
614 740
621 407
279 255
664 43
959 685
989 148
515 943
537 898
420 606
341 359
502 935
927 973
921 531
552 367
412 793
802 741
165 544
786 722
525 37
447 602
771 915
101 596
274 529
305 545
246 98
169 600
705 135
150 568
647 512
718 392
670 85
604 116
843 638
641 396
961 907
635 636
839 588
211 178
510 963
254 321
975 746
246 361
20 590
491 842
248 62
55 289
48 198
100 383
408 516
914 60
172 677
305 988
866 26
976 370
491 725
677 285
196 22
702 637
638 559
563 314
109 7
381 905
407 533
866 984
879 118
396 69
936 922
45 423
882 319
732 484
11 622
639 222
544 877
323 668
790 570
235 479
465 605
258 83
258 121
118 28
512 275
930 424
76 549
769 449
750 44
904 650
120 693
445 380
220 482
638 919
883 51
611 555
266 330
977 105
550 157
647 312
7 16
493 393
12 601
965 164
649 933
451 581
575 203
807 29
436 903
933 93
224 659
10 276
222 651
346 594
322 345
686 205
526 354
574 317
837 874
644 171
522 73
168 829
477 578
559 355
318 908
756 47
905 299
944 691
810 113
432 535
521 509
468 5
295 466
230 140
405 88
275 107
962 934
452 191
829 147
630 774
276 942
37 499
525 869
162 745
750 998
328 899
451 181
332 25
768 369
670 797
446 757
649 518
905 8
555 110
404 430
964 524
682 470
812 620
464 969
636 704
720 822
215 40
790 891
75 35
871 357
858 589
148 155
121 906
72 226
690 758
118 788
664 751
941 81
724 371
177 753
355 50
482 645
543 286
29 142
412 876
520 175
297 58
396 844
409 42
615 954
807 665
407 145
637 174
777 167
888 642
746 243
294 538
229 662
293 701
732 478
382 759
40 556
703 156
734 307
446 316
12 763
109 391
339 53
617 714
410 349
323 138
756 342
458 136
260 816
37 480
730 675
496 884
294 441
284 253
73 320
600 333
253 894
623 648
807 970
278 337
244 115
215 900
493 303
833 873
251 878
425 384
700 548
433 940
528 379
270 456
612 2
604 376
650 890
162 66
868 948
576 784
14 21
792 836
313 671
859 315
97 912
972 457
909 747
452 546
680 631
655 54
16 154
479 643
836 661
27 500
505 31
923 57
169 931
498 67
695 983
812 291
298 917
407 527
107 547
848 666
113 841
509 950
353 439
424 149
635 853
468 227
145 296
514 592
156 33
313 946
629 553
157 483
244 986
649 872
725 304
176 197
244 867
675 125
477 803
239 709
784 475
769 854
321 426
976 492
288 952
777 990
141 587
54 400
262 727
873 256
139 728
54 762
549 628
27 49
260 416
538 834
949 372
304 89
600 152
861 1000
798 250
515 437
609 84
537 539
984 875
367 363
714 712
204 683
178 633
257 130
267 540
240 789
512 36
313 796
349 132
860 823
930 94
705 795
841 840
172 924
666 902
617 271
309 713
488 684
253 733
122 886
97 151
346 428
3 292
755 530
454 849
14 415
104 957
487 541
336 593
120 282
624 847
215 137
313 18
88 373
80 865
408 760
212 280
960 225
716 34
818 634
703 13
336 129
33 163
370 778
392 448
855 835
859 770
512 187
85 70
634 489
467 102
511 237
79 885
986 233
953 450
892 283
871 335
627 331
631 992
884 402
66 982
144 996
330 974
174 667
452 501
927 925
377 987
210 461
945 646
933 887
43 214
129 201
319 820
184 166
464 813
388 208
161 673
58 880
160 791
779 681
127 717
848 343
361 994
1000
235 580
580 591
235 911
235 764
580 189
591 772
580 568
568 523
911 724
911 469
469 973
523 334
772 848
235 828
591 119
724 691
580 39
591 685
39 529
724 575
691 307
469 887
529 399
529 85
911 311
39 265
235 800
911 492
691 785
848 339
973 970
848 107
85 726
772 231
235 180
529 142
307 196
772 608
311 210
210 12
575 673
119 703
726 182
39 389
887 154
523 323
311 611
785 683
611 375
265 132
334 585
154 649
568 143
772 7
529 309
785 382
611 512
575 310
649 35
848 203
911 243
469 164
772 540
973 254
800 930
911 330
309 9
310 364
591 19
311 225
649 129
469 387
129 562
399 288
254 44
132 308
764 589
611 820
585 341
164 320
820 539
7 208
828 340
340 273
389 915
469 953
820 333
512 490
254 982
182 840
726 904
196 648
142 52
568 888
685 195
225 177
580 710
685 98
98 651
649 794
764 882
119 315
235 906
203 566
915 988
288 18
231 732
164 928
341 410
210 1000
44 745
683 837
142 524
608 115
273 803
315 485
195 60
703 366
828 594
203 77
837 989
142 739
930 682
888 899
848 419
340 603
820 975
39 802
143 336
539 356
580 373
915 40
189 742
333 548
566 121
107 532
828 491
469 421
904 350
611 202
648 116
154 993
115 666
60 16
132 605
7 217
683 296
591 347
323 183
399 725
523 372
399 965
288 384
364 95
132 584
121 78
523 96
231 84
142 233
848 653
800 204
589 87
594 687
308 877
195 638
899 362
177 979
469 130
469 360
568 934
603 279
382 324
800 55
566 550
904 918
532 507
95 252
979 62
16 466
532 621
585 553
84 238
84 593
333 810
307 582
350 618
12 493
800 994
594 765
323 664
208 753
589 609
288 124
523 761
195 865
724 357
243 104
915 748
323 551
548 957
95 295
865 559
888 825
18 102
828 167
40 535
953 473
648 103
231 869
315 251
585 255
593 99
724 413
7 274
928 329
18 328
724 392
350 631
180 773
274 294
341 433
55 941
243 827
341 51
372 919
419 564
877 735
957 184
315 991
40 50
490 778
433 662
993 733
328 284
778 722
399 13
726 814
189 694
12 711
115 425
129 861
243 89
724 200
362 871
387 268
810 64
539 890
871 999
180 363
98 821
62 509
491 441
102 47
673 702
347 642
523 173
724 178
979 430
167 552
274 863
13 817
733 57
512 505
837 321
591 700
507 542
564 133
553 880
512 451
116 754
532 759
651 136
441 157
288 302
772 867
44 434
196 883
47 169
124 788
591 297
566 866
662 11
490 125
580 250
341 191
62 938
589 561
103 110
991 695
238 641
710 572
473 596
364 379
523 456
360 808
208 139
975 92
580 758
466 574
772 823
320 628
532 437
13 484
362 305
999 319
642 946
585 595
899 246
882 826
653 926
77 601
890 10
827 218
142 88
562 862
307 577
47 452
419 53
208 241
785 652
164 190
208 290
928 257
611 757
733 91
329 412
319 43
96 34
628 790
387 829
867 526
235 48
638 634
392 513
507 198
821 298
653 8
180 32
825 983
7 741
566 285
279 644
753 707
542 280
373 633
92 261
308 24
336 332
51 676
582 590
584 215
492 925
280 620
513 587
994 850
999 445
104 819
823 787
700 555
794 859
788 454
862 227
837 900
707 201
601 145
823 232
691 25
125 66
130 637
315 253
125 684
129 146
85 901
589 4
441 467
596 783
43 482
379 645
157 521
366 701
513 842
973 234
392 56
310 79
7 781
19 598
580 981
9 746
957 331
13 681
757 304
180 100
91 705
157 245
993 162
362 281
305 400
253 26
753 622
375 720
119 153
765 565
473 853
861 804
315 27
883 82
10 734
887 995
454 721
825 388
336 875
279 856
136 383
994 17
153 916
98 519
865 270
703 536
485 58
307 961
512 992
356 407
979 181
568 275
564 936
989 14
203 860
641 833
400 537
772 902
202 567
294 353
133 76
77 471
234 541
564 931
392 933
735 766
251 729
814 504
585 209
324 306
235 897
34 516
859 929
252 316
860 131
44 28
456 112
466 792
601 152
608 113
561 300
821 752
748 549
931 738
433 784
384 864
574 289
340 416
177 658
721 907
559 237
139 824
119 166
110 689
532 636
198 896
800 592
284 65
407 75
634 174
746 525
682 677
653 500
350 436
353 876
25 506
819 426
901 854
853 361
426 122
860 816
241 134
426 538
833 221
152 791
174 303
364 242
34 894
541 220
233 836
399 1
157 845
729 969
75 571
298 762
437 352
684 446
14 610
436 905
456 841
673 563
60 846
433 917
582 291
566 657
820 996
209 501
96 838
202 909
473 614
552 818
871 314
694 444
308 15
245 570
810 476
25 737
618 898
938 185
273 617
388 966
850 163
201 448
220 422
265 892
329 93
19 528
901 709
34 148
989 474
929 494
781 643
484 954
305 427
476 36
837 672
34 63
79 640
521 54
28 927
77 639
737 477
421 222
973 714
902 554
152 211
25 483
824 411
662 951
426 187
82 120
574 86
492 874
243 602
14 655
700 228
389 156
961 186
685 731
7 465
899 49
975 581
676 229
103 443
874 704
992 756
804 760
526 292
48 464
709 895
633 41
290 90
981 144
218 635
86 796
87 786
826 680
741 495
99 480
562 138
495 481
204 809
754 313
43 560
512 805
324 355
722 264
500 886
254 37
18 502
185 692
62 395
162 940
993 795
502 213
480 381
273 431
917 470
187 806
474 718
173 6
392 3
970 108
264 393
818 358
794 811
567 813
638 463
485 126
899 503
895 959
995 80
975 175
464 847
471 857
185 137
651 831
644 517
383 267
598 212
100 985
66 219
581 312
593 690
536 755
430 935
596 194
145 415
673 266
742 458
245 688
49 881
672 403
421 686
62 486
313 510
787 698
433 439
506 613
493 849
517 72
136 230
541 472
437 932
185 496
305 488
86 498
91 947
488 322
603 576
261 351
688 851
850 768
505 974
454 616
688 557
966 728
806 223
734 769
988 326
355 671
177 461
89 404
655 663
992 780
255 109
536 749
864 287
575 619
666 588
802 345
395 429
772 511
682 660
235 276
89 771
828 69
26 216
580 376
319 59
711 744
357 369
993 45
198 839
119 573
817 723
965 354
119 239
773 799
375 937
568 343
735 179
357 656
566 371
930 293
109 30
672 150
901 435
754 159
512 259
467 743
883 111
930 214
551 83
474 543
539 335
999 155
931 97
757 835
111 971
790 963
98 950
464 397
653 740
938 531
129 986
930 68
87 457
941 945
766 127
220 408
641 770
865 852
930 767
894 670
60 368
704 450
559 338
609 20
41 604
711 417
771 135
387 258
198 922
111 367
27 730
906 247
863 893
513 625
292 980
531 151
900 533
266 520
72 23
86 359
965 317
383 751
757 855
48 106
307 199
393 699
296 402
605 418
418 669
498 168
744 967
189 286
542 478
983 878
221 583
223 346
871 987
634 943
689 679
86 31
740 459
878 912
421 101
418 654
393 908
904 627
905 349
219 832
276 775
448 782
232 248
642 727
724 206
156 277
821 499
9 997
75 301
63 668
724 61
411 712
3 736
677 423
993 667
663 674
89 789
619 272
512 675
950 891
860 868
51 497
531 171
237 776
810 370
816 964
687 188
765 406
148 149
667 990
506 128
268 460
234 70
832 858
825 29
730 428
366 453
967 606
157 515
490 394
98 779
451 81
842 844
149 140
792 960
961 716
461 815
300 977
417 626
162 807
770 240
353 659
687 607
253 105
866 834
887 889
108 910
784 793
213 161
471 283
539 2
413 921
290 71
248 661
995 318
179 706
794 629
242 978
253 455
76 475
300 914
246 205
862 344
876 380
910 693
868 797
681 391
227 420
78 396
548 405
69 170
725 647
759 38
208 262
532 924
450 244
436 956
230 586
790 885
854 390
735 903
826 600
915 972
205 263
770 22
89 462
107 939
485 955
840 623
509 801
341 374
794 447
689 123
481 385
266 615
875 42
997 337
890 998
951 141
515 708
248 176
389 665
138 569
214 348
825 518
924 534
940 558
936 432
867 952
180 325
142 830
971 798
733 278
364 696
316 489
905 117
507 646
805 269
902 224
611 365
680 984
43 94
804 67
185 398
936 74
75 197
656 386
177 414
794 650
912 514
510 697
88 73
690 226
975 438
4 872
369 976
58 260
116 401
166 172
607 923
871 843
681 958
174 256
813 879
739 114
11 719
34 449
909 378
107 884
890 630
723 377
14 46
90 249
996 612
652 968
740 165
280 624
325 774
986 870
736 193
386 160
553 424
986 812
970 508
101 777
139 487
460 713
369 913
589 342
661 546
600 632
585 873
936 442
848 479
997 597
369 920
421 192
862 822
981 207
241 299
289 530
151 763
629 715
218 948
268 547
977 468
917 440
348 556
251 158
540 544
845 236
818 949
226 579
75 5
84 527
797 282
472 578
540 944
64 327
632 599
221 409
102 747
159 717
780 271
323 522
510 545
376 750
803 962
38 678
956 147
881 118
478 33
147 21
613 942
1000
1 2
1 3
1 4
1 5
1 6
1 7
1 8
1 9
1 10
1 11
1 12
1 13
1 14
1 15
1 16
1 17
1 18
1 19
1 20
1 21
1 22
1 23
1 24
1 25
1 26
1 27
1 28
1 29
1 30
1 31
1 32
1 33
1 34
1 35
1 36
1 37
1 38
1 39
1 40
1 41
1 42
1 43
1 44
1 45
1 46
1 47
1 48
1 49
1 50
1 51
1 52
1 53
1 54
1 55
1 56
1 57
1 58
1 59
1 60
1 61
1 62
1 63
1 64
1 65
1 66
1 67
1 68
1 69
1 70
1 71
1 72
1 73
1 74
1 75
1 76
1 77
1 78
1 79
1 80
1 81
1 82
1 83
1 84
1 85
1 86
1 87
1 88
1 89
1 90
1 91
1 92
1 93
1 94
1 95
1 96
1 97
1 98
1 99
1 100
1 101
1 102
1 103
1 104
1 105
1 106
1 107
1 108
1 109
1 110
1 111
1 112
1 113
1 114
1 115
1 116
1 117
1 118
1 119
1 120
1 121
1 122
1 123
1 124
1 125
1 126
1 127
1 128
1 129
1 130
1 131
1 132
1 133
1 134
1 135
1 136
1 137
1 138
1 139
1 140
1 141
1 142
1 143
1 144
1 145
1 146
1 147
1 148
1 149
1 150
1 151
1 152
1 153
1 154
1 155
1 156
1 157
1 158
1 159
1 160
1 161
1 162
1 163
1 164
1 165
1 166
1 167
1 168
1 169
1 170
1 171
1 172
1 173
1 174
1 175
1 176
1 177
1 178
1 179
1 180
1 181
1 182
1 183
1 184
1 185
1 186
1 187
1 188
1 189
1 190
1 191
1 192
1 193
1 194
1 195
1 196
1 197
1 198
1 199
1 200
1 201
1 202
1 203
1 204
1 205
1 206
1 207
1 208
1 209
1 210
1 211
1 212
1 213
1 214
1 215
1 216
1 217
1 218
1 219
1 220
1 221
1 222
1 223
1 224
1 225
1 226
1 227
1 228
1 229
1 230
1 231
1 232
1 233
1 234
1 235
1 236
1 237
1 238
1 239
1 240
1 241
1 242
1 243
1 244
1 245
1 246
1 247
1 248
1 249
1 250
1 251
1 252
1 253
1 254
1 255
1 256
1 257
1 258
1 259
1 260
1 261
1 262
1 263
1 264
1 265
1 266
1 267
1 268
1 269
1 270
1 271
1 272
1 273
1 274
1 275
1 276
1 277
1 278
1 279
1 280
1 281
1 282
1 283
1 284
1 285
1 286
1 287
1 288
1 289
1 290
1 291
1 292
1 293
1 294
1 295
1 296
1 297
1 298
1 299
1 300
1 301
1 302
1 303
1 304
1 305
1 306
1 307
1 308
1 309
1 310
1 311
1 312
1 313
1 314
1 315
1 316
1 317
1 318
1 319
1 320
1 321
1 322
1 323
1 324
1 325
1 326
1 327
1 328
1 329
1 330
1 331
1 332
1 333
1 334
1 335
1 336
1 337
1 338
1 339
1 340
1 341
1 342
1 343
1 344
1 345
1 346
1 347
1 348
1 349
1 350
1 351
1 352
1 353
1 354
1 355
1 356
1 357
1 358
1 359
1 360
1 361
1 362
1 363
1 364
1 365
1 366
1 367
1 368
1 369
1 370
1 371
1 372
1 373
1 374
1 375
1 376
1 377
1 378
1 379
1 380
1 381
1 382
1 383
1 384
1 385
1 386
1 387
1 388
1 389
1 390
1 391
1 392
1 393
1 394
1 395
1 396
1 397
1 398
1 399
1 400
1 401
1 402
1 403
1 404
1 405
1 406
1 407
1 408
1 409
1 410
1 411
1 412
1 413
1 414
1 415
1 416
1 417
1 418
1 419
1 420
1 421
1 422
1 423
1 424
1 425
1 426
1 427
1 428
1 429
1 430
1 431
1 432
1 433
1 434
1 435
1 436
1 437
1 438
1 439
1 440
1 441
1 442
1 443
1 444
1 445
1 446
1 447
1 448
1 449
1 450
1 451
1 452
1 453
1 454
1 455
1 456
1 457
1 458
1 459
1 460
1 461
1 462
1 463
1 464
1 465
1 466
1 467
1 468
1 469
1 470
1 471
1 472
1 473
1 474
1 475
1 476
1 477
1 478
1 479
1 480
1 481
1 482
1 483
1 484
1 485
1 486
1 487
1 488
1 489
1 490
1 491
1 492
1 493
1 494
1 495
1 496
1 497
1 498
1 499
1 500
1 501
1 502
1 503
1 504
1 505
1 506
1 507
1 508
1 509
1 510
1 511
1 512
1 513
1 514
1 515
1 516
1 517
1 518
1 519
1 520
1 521
1 522
1 523
1 524
1 525
1 526
1 527
1 528
1 529
1 530
1 531
1 532
1 533
1 534
1 535
1 536
1 537
1 538
1 539
1 540
1 541
1 542
1 543
1 544
1 545
1 546
1 547
1 548
1 549
1 550
1 551
1 552
1 553
1 554
1 555
1 556
1 557
1 558
1 559
1 560
1 561
1 562
1 563
1 564
1 565
1 566
1 567
1 568
1 569
1 570
1 571
1 572
1 573
1 574
1 575
1 576
1 577
1 578
1 579
1 580
1 581
1 582
1 583
1 584
1 585
1 586
1 587
1 588
1 589
1 590
1 591
1 592
1 593
1 594
1 595
1 596
1 597
1 598
1 599
1 600
1 601
1 602
1 603
1 604
1 605
1 606
1 607
1 608
1 609
1 610
1 611
1 612
1 613
1 614
1 615
1 616
1 617
1 618
1 619
1 620
1 621
1 622
1 623
1 624
1 625
1 626
1 627
1 628
1 629
1 630
1 631
1 632
1 633
1 634
1 635
1 636
1 637
1 638
1 639
1 640
1 641
1 642
1 643
1 644
1 645
1 646
1 647
1 648
1 649
1 650
1 651
1 652
1 653
1 654
1 655
1 656
1 657
1 658
1 659
1 660
1 661
1 662
1 663
1 664
1 665
1 666
1 667
1 668
1 669
1 670
1 671
1 672
1 673
1 674
1 675
1 676
1 677
1 678
1 679
1 680
1 681
1 682
1 683
1 684
1 685
1 686
1 687
1 688
1 689
1 690
1 691
1 692
1 693
1 694
1 695
1 696
1 697
1 698
1 699
1 700
1 701
1 702
1 703
1 704
1 705
1 706
1 707
1 708
1 709
1 710
1 711
1 712
1 713
1 714
1 715
1 716
1 717
1 718
1 719
1 720
1 721
1 722
1 723
1 724
1 725
1 726
1 727
1 728
1 729
1 730
1 731
1 732
1 733
1 734
1 735
1 736
1 737
1 738
1 739
1 740
1 741
1 742
1 743
1 744
1 745
1 746
1 747
1 748
1 749
1 750
1 751
1 752
1 753
1 754
1 755
1 756
1 757
1 758
1 759
1 760
1 761
1 762
1 763
1 764
1 765
1 766
1 767
1 768
1 769
1 770
1 771
1 772
1 773
1 774
1 775
1 776
1 777
1 778
1 779
1 780
1 781
1 782
1 783
1 784
1 785
1 786
1 787
1 788
1 789
1 790
1 791
1 792
1 793
1 794
1 795
1 796
1 797
1 798
1 799
1 800
1 801
1 802
1 803
1 804
1 805
1 806
1 807
1 808
1 809
1 810
1 811
1 812
1 813
1 814
1 815
1 816
1 817
1 818
1 819
1 820
1 821
1 822
1 823
1 824
1 825
1 826
1 827
1 828
1 829
1 830
1 831
1 832
1 833
1 834
1 835
1 836
1 837
1 838
1 839
1 840
1 841
1 842
1 843
1 844
1 845
1 846
1 847
1 848
1 849
1 850
1 851
1 852
1 853
1 854
1 855
1 856
1 857
1 858
1 859
1 860
1 861
1 862
1 863
1 864
1 865
1 866
1 867
1 868
1 869
1 870
1 871
1 872
1 873
1 874
1 875
1 876
1 877
1 878
1 879
1 880
1 881
1 882
1 883
1 884
1 885
1 886
1 887
1 888
1 889
1 890
1 891
1 892
1 893
1 894
1 895
1 896
1 897
1 898
1 899
1 900
1 901
1 902
1 903
1 904
1 905
1 906
1 907
1 908
1 909
1 910
1 911
1 912
1 913
1 914
1 915
1 916
1 917
1 918
1 919
1 920
1 921
1 922
1 923
1 924
1 925
1 926
1 927
1 928
1 929
1 930
1 931
1 932
1 933
1 934
1 935
1 936
1 937
1 938
1 939
1 940
1 941
1 942
1 943
1 944
1 945
1 946
1 947
1 948
1 949
1 950
1 951
1 952
1 953
1 954
1 955
1 956
1 957
1 958
1 959
1 960
1 961
1 962
1 963
1 964
1 965
1 966
1 967
1 968
1 969
1 970
1 971
1 972
1 973
1 974
1 975
1 976
1 977
1 978
1 979
1 980
1 981
1 982
1 983
1 984
1 985
1 986
1 987
1 988
1 989
1 990
1 991
1 992
1 993
1 994
1 995
1 996
1 997
1 998
1 999
1 1000
1000
1000 999
999 998
998 997
997 996
996 995
995 994
994 993
993 992
992 991
991 990
990 989
989 988
988 987
987 986
986 985
985 984
984 983
983 982
982 981
981 980
980 979
979 978
978 977
977 976
976 975
975 974
974 973
973 972
972 971
971 970
970 969
969 968
968 967
967 966
966 965
965 964
964 963
963 962
962 961
961 960
960 959
959 958
958 957
957 956
956 955
955 954
954 953
953 952
952 951
951 950
950 949
949 948
948 947
947 946
946 945
945 944
944 943
943 942
942 941
941 940
940 939
939 938
938 937
937 936
936 935
935 934
934 933
933 932
932 931
931 930
930 929
929 928
928 927
927 926
926 925
925 924
924 923
923 922
922 921
921 920
920 919
919 918
918 917
917 916
916 915
915 914
914 913
913 912
912 911
911 910
910 909
909 908
908 907
907 906
906 905
905 904
904 903
903 902
902 901
901 900
900 899
899 898
898 897
897 896
896 895
895 894
894 893
893 892
892 891
891 890
890 889
889 888
888 887
887 886
886 885
885 884
884 883
883 882
882 881
881 880
880 879
879 878
878 877
877 876
876 875
875 874
874 873
873 872
872 871
871 870
870 869
869 868
868 867
867 866
866 865
865 864
864 863
863 862
862 861
861 860
860 859
859 858
858 857
857 856
856 855
855 854
854 853
853 852
852 851
851 850
850 849
849 848
848 847
847 846
846 845
845 844
844 843
843 842
842 841
841 840
840 839
839 838
838 837
837 836
836 835
835 834
834 833
833 832
832 831
831 830
830 829
829 828
828 827
827 826
826 825
825 824
824 823
823 822
822 821
821 820
820 819
819 818
818 817
817 816
816 815
815 814
814 813
813 812
812 811
811 810
810 809
809 808
808 807
807 806
806 805
805 804
804 803
803 802
802 801
801 800
800 799
799 798
798 797
797 796
796 795
795 794
794 793
793 792
792 791
791 790
790 789
789 788
788 787
787 786
786 785
785 784
784 783
783 782
782 781
781 780
780 779
779 778
778 777
777 776
776 775
775 774
774 773
773 772
772 771
771 770
770 769
769 768
768 767
767 766
766 765
765 764
764 763
763 762
762 761
761 760
760 759
759 758
758 757
757 756
756 755
755 754
754 753
753 752
752 751
751 750
750 749
749 748
748 747
747 746
746 745
745 744
744 743
743 742
742 741
741 740
740 739
739 738
738 737
737 736
736 735
735 734
734 733
733 732
732 731
731 730
730 729
729 728
728 727
727 726
726 725
725 724
724 723
723 722
722 721
721 720
720 719
719 718
718 717
717 716
716 715
715 714
714 713
713 712
712 711
711 710
710 709
709 708
708 707
707 706
706 705
705 704
704 703
703 702
702 701
701 700
700 699
699 698
698 697
697 696
696 695
695 694
694 693
693 692
692 691
691 690
690 689
689 688
688 687
687 686
686 685
685 684
684 683
683 682
682 681
681 680
680 679
679 678
678 677
677 676
676 675
675 674
674 673
673 672
672 671
671 670
670 669
669 668
668 667
667 666
666 665
665 664
664 663
663 662
662 661
661 660
660 659
659 658
658 657
657 656
656 655
655 654
654 653
653 652
652 651
651 650
650 649
649 648
648 647
647 646
646 645
645 644
644 643
643 642
642 641
641 640
640 639
639 638
638 637
637 636
636 635
635 634
634 633
633 632
632 631
631 630
630 629
629 628
628 627
627 626
626 625
625 624
624 623
623 622
622 621
621 620
620 619
619 618
618 617
617 616
616 615
615 614
614 613
613 612
612 611
611 610
610 609
609 608
608 607
607 606
606 605
605 604
604 603
603 602
602 601
601 600
600 599
599 598
598 597
597 596
596 595
595 594
594 593
593 592
592 591
591 590
590 589
589 588
588 587
587 586
586 585
585 584
584 583
583 582
582 581
581 580
580 579
579 578
578 577
577 576
576 575
575 574
574 573
573 572
572 571
571 570
570 569
569 568
568 567
567 566
566 565
565 564
564 563
563 562
562 561
561 560
560 559
559 558
558 557
557 556
556 555
555 554
554 553
553 552
552 551
551 550
550 549
549 548
548 547
547 546
546 545
545 544
544 543
543 542
542 541
541 540
540 539
539 538
538 537
537 536
536 535
535 534
534 533
533 532
532 531
531 530
530 529
529 528
528 527
527 526
526 525
525 524
524 523
523 522
522 521
521 520
520 519
519 518
518 517
517 516
516 515
515 514
514 513
513 512
512 511
511 510
510 509
509 508
508 507
507 506
506 505
505 504
504 503
503 502
502 501
501 500
500 499
499 498
498 497
497 496
496 495
495 494
494 493
493 492
492 491
491 490
490 489
489 488
488 487
487 486
486 485
485 484
484 483
483 482
482 481
481 480
480 479
479 478
478 477
477 476
476 475
475 474
474 473
473 472
472 471
471 470
470 469
469 468
468 467
467 466
466 465
465 464
464 463
463 462
462 461
461 460
460 459
459 458
458 457
457 456
456 455
455 454
454 453
453 452
452 451
451 450
450 449
449 448
448 447
447 446
446 445
445 444
444 443
443 442
442 441
441 440
440 439
439 438
438 437
437 436
436 435
435 434
434 433
433 432
432 431
431 430
430 429
429 428
428 427
427 426
426 425
425 424
424 423
423 422
422 421
421 420
420 419
419 418
418 417
417 416
416 415
415 414
414 413
413 412
412 411
411 410
410 409
409 408
408 407
407 406
406 405
405 404
404 403
403 402
402 401
401 400
400 399
399 398
398 397
397 396
396 395
395 394
394 393
393 392
392 391
391 390
390 389
389 388
388 387
387 386
386 385
385 384
384 383
383 382
382 381
381 380
380 379
379 378
378 377
377 376
376 375
375 374
374 373
373 372
372 371
371 370
370 369
369 368
368 367
367 366
366 365
365 364
364 363
363 362
362 361
361 360
360 359
359 358
358 357
357 356
356 355
355 354
354 353
353 352
352 351
351 350
350 349
349 348
348 347
347 346
346 345
345 344
344 343
343 342
342 341
341 340
340 339
339 338
338 337
337 336
336 335
335 334
334 333
333 332
332 331
331 330
330 329
329 328
328 327
327 326
326 325
325 324
324 323
323 322
322 321
321 320
320 319
319 318
318 317
317 316
316 315
315 314
314 313
313 312
312 311
311 310
310 309
309 308
308 307
307 306
306 305
305 304
304 303
303 302
302 301
301 300
300 299
299 298
298 297
297 296
296 295
295 294
294 293
293 292
292 291
291 290
290 289
289 288
288 287
287 286
286 285
285 284
284 283
283 282
282 281
281 280
280 279
279 278
278 277
277 276
276 275
275 274
274 273
273 272
272 271
271 270
270 269
269 268
268 267
267 266
266 265
265 264
264 263
263 262
262 261
261 260
260 259
259 258
258 257
257 256
256 255
255 254
254 253
253 252
252 251
251 250
250 249
249 248
248 247
247 246
246 245
245 244
244 243
243 242
242 241
241 240
240 239
239 238
238 237
237 236
236 235
235 234
234 233
233 232
232 231
231 230
230 229
229 228
228 227
227 226
226 225
225 224
224 223
223 222
222 221
221 220
220 219
219 218
218 217
217 216
216 215
215 214
214 213
213 212
212 211
211 210
210 209
209 208
208 207
207 206
206 205
205 204
204 203
203 202
202 201
201 200
200 199
199 198
198 197
197 196
196 195
195 194
194 193
193 192
192 191
191 190
190 189
189 188
188 187
187 186
186 185
185 184
184 183
183 182
182 181
181 180
180 179
179 178
178 177
177 176
176 175
175 174
174 173
173 172
172 171
171 170
170 169
169 168
168 167
167 166
166 165
165 164
164 163
163 162
162 161
161 160
160 159
159 158
158 157
157 156
156 155
155 154
154 153
153 152
152 151
151 150
150 149
149 148
148 147
147 146
146 145
145 144
144 143
143 142
142 141
141 140
140 139
139 138
138 137
137 136
136 135
135 134
134 133
133 132
132 131
131 130
130 129
129 128
128 127
127 126
126 125
125 124
124 123
123 122
122 121
121 120
120 119
119 118
118 117
117 116
116 115
115 114
114 113
113 112
112 111
111 110
110 109
109 108
108 107
107 106
106 105
105 104
104 103
103 102
102 101
101 100
100 99
99 98
98 97
97 96
96 95
95 94
94 93
93 92
92 91
91 90
90 89
89 88
88 87
87 86
86 85
85 84
84 83
83 82
82 81
81 80
80 79
79 78
78 77
77 76
76 75
75 74
74 73
73 72
72 71
71 70
70 69
69 68
68 67
67 66
66 65
65 64
64 63
63 62
62 61
61 60
60 59
59 58
58 57
57 56
56 55
55 54
54 53
53 52
52 51
51 50
50 49
49 48
48 47
47 46
46 45
45 44
44 43
43 42
42 41
41 40
40 39
39 38
38 37
37 36
36 35
35 34
34 33
33 32
32 31
31 30
30 29
29 28
28 27
27 26
26 25
25 24
24 23
23 22
22 21
21 20
20 19
19 18
18 17
17 16
16 15
15 14
14 13
13 12
12 11
11 10
10 9
9 8
8 7
7 6
6 5
5 4
4 3
3 2
2 1
1000
304 890
304 126
126 94
94 35
304 766
94 339
126 520
304 820
126 922
820 380
820 72
35 5
72 305
890 920
94 289
520 511
304 196
289 860
922 580
511 249
920 923
890 400
766 378
5 932
249 391
820 308
511 692
126 252
580 371
339 2
820 917
511 812
391 237
580 854
305 727
391 972
854 183
520 527
289 956
391 396
339 856
72 364
378 136
35 767
237 469
72 493
400 699
767 933
511 260
400 362
72 483
380 22
933 12
922 721
820 880
956 117
692 465
511 729
400 667
856 659
699 351
304 384
308 439
812 908
880 965
308 356
305 52
2 58
729 324
339 124
972 382
12 878
527 478
727 986
12 158
260 645
511 340
400 712
324 650
856 496
965 829
52 32
117 524
196 635
237 477
2 10
364 200
378 107
126 6
645 217
52 290
729 30
580 488
933 243
364 845
378 974
260 46
260 241
933 271
32 634
856 119
243 661
854 813
477 352
352 896
667 718
260 935
380 657
917 180
860 694
477 641
920 611
351 272
496 498
965 800
469 19
524 334
721 957
289 311
974 823
35 842
923 342
957 354
94 199
352 575
52 839
880 574
667 66
957 707
477 946
241 341
635 178
524 873
580 138
469 579
933 830
493 675
498 929
932 841
119 789
356 55
305 833
19 902
932 367
272 78
659 919
920 710
634 535
675 414
10 793
922 45
800 770
5 383
650 59
117 591
5 440
718 674
820 697
493 187
520 614
842 349
380 170
342 869
356 536
536 15
922 216
812 751
334 336
854 639
55 859
890 179
535 662
340 765
241 471
767 790
217 420
339 447
920 666
138 583
575 433
707 298
187 468
675 181
469 633
58 143
414 704
477 598
842 861
697 264
727 557
469 653
138 696
841 258
692 56
611 408
598 950
878 419
305 804
645 161
820 912
956 442
535 550
56 23
488 701
842 753
414 834
336 18
289 776
650 145
974 388
145 207
633 891
574 31
107 613
46 604
710 502
972 564
729 881
469 585
823 571
272 578
264 711
661 809
591 280
575 576
571 150
830 689
272 863
933 601
972 893
711 88
873 888
917 963
611 312
536 596
929 484
601 68
340 655
2 255
854 226
23 318
789 1
919 959
675 348
580 772
923 194
571 177
986 774
601 606
662 504
711 212
878 413
354 523
974 814
31 559
950 425
56 276
143 582
834 737
180 139
694 386
704 460
893 558
356 909
289 299
264 93
15 552
893 185
469 395
653 816
576 221
675 771
772 427
765 229
933 764
477 971
212 619
986 515
845 149
559 998
841 461
511 864
699 51
145 555
704 132
657 137
536 871
842 903
478 806
764 521
666 381
575 475
521 146
308 825
971 429
348 958
381 648
384 724
260 720
555 672
10 25
212 111
381 995
308 186
178 851
179 642
657 82
859 947
386 65
146 125
143 858
23 756
718 954
771 542
959 887
502 281
158 457
771 417
395 828
280 287
959 624
511 646
186 385
772 360
199 303
183 616
998 501
809 90
264 866
55 480
555 163
408 333
243 220
465 267
922 456
272 848
575 914
866 375
667 418
185 562
181 261
280 748
902 16
348 182
542 778
639 379
825 994
604 644
32 726
461 968
890 80
830 134
585 553
475 347
624 44
689 407
828 87
427 171
959 879
527 115
400 203
655 338
181 775
859 491
576 71
767 632
252 205
845 738
203 882
420 925
854 533
963 61
163 850
150 279
718 13
237 273
772 505
756 190
724 525
66 785
199 345
318 723
61 285
138 54
596 831
738 844
126 451
182 610
54 534
935 113
825 786
457 242
814 618
58 719
318 462
341 992
299 560
667 588
413 572
117 198
183 999
338 296
493 224
525 325
237 687
648 402
93 310
396 757
477 651
58 528
145 544
998 152
345 85
183 233
413 209
209 629
557 590
785 154
829 567
657 313
336 109
591 223
109 623
644 232
667 262
520 481
757 293
842 140
380 458
52 915
567 75
216 826
748 682
935 343
58 432
68 387
591 602
303 561
439 110
825 370
90 734
606 989
687 315
633 581
56 225
82 130
339 589
946 269
261 763
255 444
667 204
882 320
338 359
848 250
447 164
999 810
891 60
85 286
425 390
515 435
146 522
891 219
303 14
460 685
180 162
387 904
212 165
974 319
757 77
203 155
444 263
226 300
113 996
216 970
992 239
171 405
161 326
589 684
85 805
59 900
408 609
812 306
567 918
481 940
624 377
498 301
848 877
880 191
305 852
269 7
618 715
968 691
162 323
553 192
653 714
444 151
263 275
674 355
407 690
241 978
261 927
567 259
375 141
318 116
14 156
611 120
880 485
435 363
276 277
289 48
192 174
163 625
666 913
642 531
355 545
805 791
150 948
662 796
946 921
125 294
249 114
785 57
925 21
271 599
364 406
279 670
550 473
363 773
273 238
59 486
929 40
419 329
180 455
396 546
882 570
793 494
352 508
989 295
355 797
486 516
107 131
68 801
296 911
604 253
919 973
737 361
395 744
957 758
124 399
229 607
809 722
451 980
555 626
653 855
281 104
277 708
451 20
311 603
778 49
435 668
361 818
471 372
326 698
85 193
635 669
893 24
367 907
826 128
580 943
163 365
998 492
293 849
958 257
313 660
383 394
65 595
478 227
21 184
390 476
267 497
221 886
718 622
879 74
786 421
641 784
590 202
433 409
110 172
651 448
264 17
999 819
435 73
580 169
751 716
110 79
72 541
65 875
576 81
203 519
414 752
342 735
79 509
581 587
61 168
675 368
873 43
596 686
262 490
141 175
478 548
20 846
143 867
947 865
229 931
126 862
831 317
735 798
878 569
138 142
723 953
579 649
7 499
578 506
921 746
726 335
432 101
860 36
417 454
204 741
351 663
25 568
738 612
414 621
418 942
152 332
22 153
435 357
469 982
289 374
804 96
14 799
841 983
903 27
833 240
655 97
408 654
460 892
848 754
541 803
525 608
27 302
259 566
710 966
54 449
535 894
963 122
12 630
767 749
468 537
708 991
285 482
480 450
81 422
124 732
405 777
385 543
550 594
23 282
355 759
313 404
866 906
151 938
419 600
770 76
165 783
661 928
882 705
126 832
444 265
263 466
869 586
609 688
338 189
74 215
809 307
697 760
347 34
866 988
972 967
860 214
891 885
263 955
257 1000
178 397
113 961
156 889
954 713
367 121
908 4
1 358
126 910
134 123
169 424
351 201
146 472
19 108
651 206
607 291
586 98
205 328
78 100
450 244
206 977
765 945
585 529
387 836
814 428
726 316
242 41
41 353
670 868
878 743
475 256
998 479
328 213
130 884
908 376
488 665
805 211
150 792
96 314
462 517
973 92
315 410
714 453
194 487
862 747
607 129
828 366
385 159
751 979
472 802
123 254
537 38
145 874
663 118
836 495
476 702
558 133
918 157
212 369
519 964
287 245
645 8
34 526
427 637
561 981
170 997
915 679
820 278
918 750
868 745
262 337
848 837
920 627
763 431
915 393
753 3
793 330
800 782
202 105
351 9
242 700
342 188
397 11
596 676
970 247
364 195
456 327
537 53
417 445
700 787
233 344
390 549
174 540
45 91
935 725
625 530
30 84
828 437
165 510
421 872
589 656
623 565
460 322
583 512
557 769
158 228
526 62
578 592
15 547
305 822
614 415
183 70
727 459
826 173
1 739
884 144
929 577
589 960
223 434
405 620
325 780
738 218
692 664
516 67
585 284
956 147
386 514
826 693
97 975
778 821
178 236
125 270
663 795
942 941
485 683
542 438
766 901
62 426
264 234
871 518
363 467
7 638
517 37
48 681
498 969
504 677
374 297
458 28
17 976
261 944
783 937
986 148
844 64
13 95
276 26
497 246
757 824
999 112
737 321
6 452
831 331
630 733
129 597
928 411
51 539
151 652
460 949
796 231
164 392
348 412
6 883
893 761
704 507
124 63
928 39
3 441
314 706
517 474
363 69
293 811
356 728
238 930
550 103
81 680
642 346
504 403
801 423
728 899
612 500
218 102
87 857
819 695
396 416
885 210
522 736
886 176
209 251
734 235
4 350
674 283
366 551
495 647
651 464
588 847
125 671
41 593
929 709
252 631
542 951
859 532
54 808
961 843
820 573
416 513
474 985
105 42
129 554
790 430
56 167
316 288
917 815
671 742
515 47
974 781
670 99
319 538
818 230
822 628
690 292
917 463
153 615
384 990
702 952
857 853
178 584
1000 916
209 605
227 309
858 489
800 160
349 373
802 106
56 939
452 897
737 807
589 222
886 436
985 794
9 768
63 870
302 993
363 503
510 563
916 643
479 962
70 617
359 740
621 934
438 389
152 401
527 762
321 936
347 835
39 33
396 266
940 29
48 248
188 398
107 86
159 640
958 703
810 89
918 50
320 895
293 905
326 788
500 135
865 470
433 268
136 446
328 166
677 636
636 838
316 876
326 556
413 658
874 678
354 731
885 755
338 840
366 197
922 717
496 898
106 127
300 987
218 827
246 779
555 924
194 208
888 730
5 274
79 984
782 673
267 443
173 817
150 83
466 926
1000
372 64
64 251
251 533
251 644
533 694
644 393
64 654
644 459
393 214
459 462
694 346
462 273
459 437
372 426
462 923
273 213
462 640
251 515
393 316
515 211
515 440
644 748
316 973
346 582
582 155
155 314
155 112
440 794
515 662
640 734
794 538
372 409
459 86
64 731
273 666
794 118
426 915
372 97
316 103
118 913
662 382
393 503
382 761
112 403
459 507
118 560
973 627
666 883
640 852
346 759
973 332
654 84
973 248
582 74
538 695
759 842
403 197
734 556
759 48
459 105
314 758
640 730
97 779
48 509
695 350
913 998
211 101
842 789
426 410
640 673
437 776
673 630
779 364
560 145
251 586
761 534
973 881
538 548
694 456
74 189
346 53
118 158
586 589
507 232
913 482
112 550
459 690
232 95
779 132
789 648
761 788
64 106
662 294
586 896
881 529
314 946
248 5
410 815
776 989
550 178
393 816
459 323
759 100
534 911
197 952
589 921
364 75
456 3
654 30
3 157
294 760
779 318
760 853
759 655
462 836
100 78
393 522
482 348
426 611
921 504
896 469
323 775
515 98
788 195
662 511
314 210
952 828
84 136
213 338
503 979
881 845
730 552
346 72
655 822
788 764
136 309
332 917
998 306
145 139
836 322
529 607
348 970
759 531
309 704
145 741
923 743
607 392
917 974
913 199
560 616
84 647
338 259
853 200
504 724
456 530
158 606
511 904
852 330
779 591
86 625
86 941
921 725
112 559
48 265
323 467
232 726
64 608
211 271
346 159
118 196
591 756
139 574
196 295
970 298
232 2
974 827
690 580
348 423
200 389
105 993
437 371
118 174
816 383
48 16
211 658
103 934
409 817
761 715
815 729
469 354
586 302
883 83
213 276
817 307
195 237
16 735
338 501
410 745
389 489
695 138
469 926
97 266
574 339
174 87
251 355
103 438
647 892
74 840
314 256
840 882
389 609
970 634
189 806
715 212
853 584
560 38
196 347
806 879
214 652
892 899
195 517
517 858
648 317
979 66
654 131
652 424
730 428
318 851
607 750
627 546
3 983
426 85
97 864
232 818
354 54
30 434
658 513
882 762
648 948
438 696
574 957
482 471
574 954
741 12
556 867
437 411
392 988
118 613
634 202
560 637
582 233
881 703
776 282
256 612
112 878
316 147
762 713
237 36
132 814
608 617
915 770
794 558
85 450
715 201
364 848
517 963
339 9
298 581
48 315
72 900
625 250
489 264
558 167
529 109
265 128
302 126
437 889
306 124
126 805
509 398
989 854
138 441
393 284
534 6
84 252
713 305
100 407
694 308
211 247
617 653
504 4
511 638
998 463
900 961
952 826
248 405
658 427
314 226
155 661
750 866
661 454
471 336
840 884
731 947
339 737
941 52
854 622
9 192
748 31
983 542
355 680
961 831
851 133
469 137
529 891
266 927
210 96
159 13
250 479
271 664
382 888
197 24
456 995
854 492
265 378
202 89
538 747
347 950
322 955
934 577
758 117
252 154
703 812
652 631
806 238
314 477
584 340
248 709
105 352
128 444
273 635
479 518
559 782
848 679
758 228
961 262
109 21
664 329
392 234
703 23
456 599
212 141
806 960
141 656
6 215
338 416
631 445
259 93
988 519
979 953
471 476
53 810
884 908
805 964
770 999
137 991
78 798
759 225
403 458
167 691
248 386
548 811
463 784
810 719
611 345
818 868
550 194
827 485
815 951
273 722
634 171
616 464
171 121
509 733
923 885
364 918
703 990
147 320
599 19
256 716
957 91
891 280
822 939
998 351
323 304
918 148
656 971
345 682
713 283
983 176
471 385
939 738
133 925
306 976
546 660
351 689
252 605
12 916
192 669
458 543
680 740
159 425
548 844
382 774
386 144
953 293
410 39
979 674
581 246
607 325
393 564
454 893
660 872
323 190
884 71
666 41
190 802
716 166
101 692
392 526
605 466
262 452
616 77
210 163
881 651
853 901
993 986
176 468
383 102
139 799
884 358
378 945
531 566
784 472
546 742
802 641
416 886
96 930
782 222
234 33
925 483
864 978
948 699
666 642
669 377
250 942
410 373
814 182
868 486
798 404
52 179
364 224
647 82
817 68
759 808
973 481
953 465
798 562
248 922
317 717
389 898
171 521
105 43
696 40
882 855
386 292
19 44
941 79
521 244
316 539
250 391
616 649
653 497
5 288
377 706
6 603
973 710
637 870
159 47
246 498
30 623
709 829
993 186
817 37
97 475
264 540
351 104
348 781
845 800
293 369
91 535
539 537
784 597
211 643
403 175
21 219
126 205
999 728
154 310
915 944
607 949
548 344
607 1000
481 324
993 107
382 592
250 172
589 600
159 937
788 165
464 63
828 962
858 130
726 887
770 432
574 447
91 685
237 76
432 551
304 532
538 594
283 849
844 153
53 69
586 15
658 698
829 981
617 198
644 997
635 470
660 767
651 578
102 185
252 751
225 620
19 353
518 321
79 633
735 772
83 697
548 753
526 601
616 807
635 375
293 708
332 629
437 561
600 681
647 678
810 1
391 880
817 795
1 553
934 749
66 996
214 287
321 281
812 825
197 924
182 170
75 632
594 804
945 191
186 474
546 723
118 311
232 270
748 388
85 490
36 400
594 122
822 376
697 859
458 187
724 257
78 343
601 494
43 823
762 663
631 626
281 985
273 771
76 754
294 56
262 67
844 499
388 702
192 914
147 495
174 28
816 134
993 58
411 700
6 114
377 356
886 123
805 588
851 783
483 830
107 940
591 590
104 57
295 390
264 619
338 359
738 115
648 312
703 113
515 902
556 705
548 639
117 778
518 659
963 862
900 50
400 406
52 431
354 327
930 363
808 164
363 135
764 987
79 333
68 567
642 568
54 527
643 11
511 992
494 227
185 206
308 569
556 235
78 718
72 326
308 860
85 453
153 968
695 443
57 676
33 415
316 520
503 541
562 768
522 714
227 451
913 249
605 847
476 184
28 367
961 572
91 151
270 670
546 671
902 408
681 169
151 668
772 773
771 480
760 650
700 837
109 285
588 876
121 510
37 628
179 621
737 188
264 688
661 933
6 341
164 119
323 461
139 967
729 26
939 508
367 523
577 793
124 18
700 275
85 890
256 146
58 739
574 387
295 125
171 573
391 374
338 846
740 396
43 665
474 514
855 272
483 684
232 596
373 181
510 897
663 268
798 672
250 755
482 777
172 442
6 528
202 912
316 111
600 931
891 935
685 832
551 686
872 35
692 296
327 687
194 975
944 797
804 554
924 928
163 70
726 370
621 140
298 785
464 877
151 255
954 657
85 512
175 835
808 809
364 436
479 583
526 841
946 500
948 216
500 300
13 331
655 712
53 536
601 357
74 299
886 579
806 361
509 502
158 833
589 791
586 160
728 402
785 177
461 557
353 801
133 152
917 55
679 29
851 25
332 73
462 149
441 869
130 22
509 253
914 231
112 525
292 61
372 360
797 595
753 88
574 209
44 505
671 493
574 290
600 399
759 969
797 168
901 598
155 14
642 903
345 547
84 313
877 780
509 977
308 429
691 850
652 587
826 744
494 110
424 92
678 62
828 17
686 544
102 943
883 65
992 645
744 421
572 242
891 787
579 379
639 32
174 446
869 419
734 721
742 602
31 910
680 460
748 563
631 342
266 204
382 180
330 863
866 46
426 618
872 819
18 449
372 803
163 874
329 193
125 217
883 701
605 746
153 549
738 786
315 365
62 487
698 223
668 570
767 279
367 218
672 958
309 397
967 484
686 142
416 8
928 821
685 207
459 220
810 395
486 834
724 267
471 297
589 675
957 813
43 766
651 245
124 938
872 183
345 838
426 604
714 278
48 575
314 161
508 919
806 545
440 384
475 239
158 116
772 81
82 732
737 994
997 108
103 624
981 839
868 328
686 769
222 173
333 972
668 905
8 707
178 99
502 243
560 455
817 871
429 20
39 129
33 496
64 820
17 127
129 420
775 683
189 614
835 757
333 401
539 875
648 381
361 349
725 240
194 335
19 422
8 236
352 417
70 433
837 982
952 736
344 258
424 894
922 162
853 796
500 693
563 303
989 366
185 430
737 51
222 413
848 865
694 752
24 94
625 319
852 274
751 42
201 984
961 646
942 368
8 418
917 277
964 959
250 221
841 856
619 120
558 230
992 150
738 7
320 593
164 907
917 615
591 571
202 448
590 610
164 555
371 414
32 906
682 711
93 156
971 260
845 857
971 677
788 929
492 516
645 636
900 824
629 27
132 380
704 491
584 478
281 936
21 261
194 667
898 920
943 956
918 143
890 873
621 506
141 241
625 727
543 576
837 457
1000 254
743 763
119 49
207 10
149 59
802 337
310 208
568 289
788 861
419 439
195 60
381 932
478 203
726 488
726 585
83 895
658 263
632 909
992 362
251 269
976 980
627 34
508 473
282 286
350 291
964 229
147 792
505 435
634 765
960 843
962 301
967 80
295 720
840 90
449 334
198 965
534 45
603 790
671 394
433 966
206 412
336 524
655 565
14
8 6
8 7
8 9
6 1
6 2
6 3
6 4
6 5
9 10
9 11
9 12
9 13
9 14
1000
861 760
760 753
753 893
893 305
861 997
760 12
12 962
305 308
997 109
308 560
12 208
208 295
295 365
365 31
962 759
997 757
365 875
875 781
109 181
757 294
893 201
893 334
181 194
997 619
861 50
893 628
201 632
334 856
308 506
295 428
181 81
428 411
334 7
365 42
305 397
757 210
334 977
875 431
411 884
210 227
759 697
753 939
181 497
397 121
428 667
760 85
181 651
201 631
294 500
431 768
497 11
428 291
506 420
431 105
997 620
291 452
294 76
31 505
194 995
42 406
893 704
500 879
760 240
397 771
506 934
76 423
856 269
227 542
934 527
240 225
620 553
651 656
295 701
939 825
781 205
856 661
656 418
884 375
628 310
656 852
768 253
406 863
375 230
294 350
884 228
294 790
656 608
506 850
210 869
884 855
406 399
852 348
542 502
7 853
85 935
205 457
11 722
527 188
722 885
291 783
527 473
771 285
506 212
285 144
853 122
350 52
885 415
977 445
109 836
457 615
109 324
212 249
667 986
11 822
667 454
853 241
201 564
428 474
542 573
701 924
85 797
249 388
375 419
227 958
188 104
790 270
667 993
375 437
924 702
270 177
194 108
420 591
334 648
249 877
697 242
608 915
620 302
573 250
893 470
790 912
428 360
822 292
474 695
241 458
294 622
628 372
771 158
939 178
201 795
457 950
208 447
768 744
104 676
744 689
324 110
695 796
308 215
42 71
853 913
855 481
759 803
457 710
803 864
71 2
869 389
869 581
194 376
302 967
722 479
591 749
105 412
759 137
225 495
560 314
470 164
122 533
412 267
560 213
893 8
228 280
242 844
388 154
768 51
122 846
7 682
473 346
790 413
201 453
915 498
447 705
591 772
178 120
8 112
412 149
240 33
413 873
915 641
376 820
122 549
648 636
913 217
423 111
915 766
676 949
120 73
413 630
820 256
846 405
710 145
241 755
630 369
250 193
42 464
863 278
850 770
369 401
768 653
653 920
256 393
399 859
873 330
52 743
820 721
405 77
310 646
498 979
215 159
993 944
581 135
149 834
997 996
667 964
915 586
330 520
996 889
474 571
630 740
682 991
376 179
995 289
986 718
269 870
757 216
144 300
71 826
803 647
704 908
861 546
757 398
269 351
388 512
591 438
852 34
158 26
401 480
438 604
121 211
939 114
445 501
213 456
81 566
445 963
216 540
217 734
479 819
934 70
546 184
51 429
864 119
636 624
819 97
697 68
376 594
351 687
749 173
619 439
615 139
173 266
826 75
915 824
885 878
877 606
566 726
77 24
31 745
314 220
608 326
114 89
986 63
420 151
825 821
413 82
631 785
958 172
120 100
295 690
369 1
294 910
689 312
33 643
766 274
648 101
749 40
250 494
573 727
453 736
305 769
727 126
122 645
869 441
500 203
822 191
785 245
101 392
721 688
412 735
863 558
796 918
240 857
415 823
292 525
631 59
796 243
769 248
243 183
628 189
457 43
878 511
50 922
217 839
245 625
505 54
428 161
771 47
89 176
727 788
176 699
873 514
104 577
636 186
768 799
875 19
979 809
473 694
326 162
474 491
857 617
768 872
646 940
645 990
399 932
210 246
939 238
470 914
295 499
566 440
772 288
122 867
781 517
208 660
852 416
566 532
228 156
269 557
194 107
479 787
227 713
542 146
310 468
869 775
744 700
151 409
189 600
979 345
71 655
220 677
964 443
836 170
156 980
376 830
501 588
144 349
615 504
447 94
511 816
388 496
108 323
193 804
242 168
872 58
447 784
825 271
853 449
397 422
581 44
875 668
939 129
850 132
129 331
834 605
445 711
428 565
139 786
274 894
581 974
769 698
542 65
105 807
949 321
464 426
557 589
1 255
330 329
869 981
736 134
54 306
710 359
188 841
630 103
94 929
863 60
312 67
12 378
699 610
120 363
334 315
193 523
398 131
81 489
918 535
172 954
170 265
786 377
889 965
710 813
617 926
246 209
312 361
437 658
193 38
419 552
58 309
920 436
624 1000
646 391
632 810
645 627
932 368
271 17
114 603
240 739
168 187
470 98
295 96
419 537
129 460
249 731
389 88
51 903
608 984
256 509
194 143
227 733
505 232
331 719
33 750
418 41
228 14
242 663
910 343
156 937
704 911
77 717
571 113
243 528
929 866
759 987
361 865
439 957
499 66
100 115
145 880
506 802
795 623
422 318
957 357
377 536
967 311
588 556
58 738
241 928
807 338
343 888
415 148
156 239
248 218
622 931
663 247
855 845
711 86
148 61
158 801
653 296
564 32
504 601
460 404
323 263
560 956
853 83
987 674
859 185
132 367
873 493
422 433
378 686
734 792
110 25
893 737
542 626
452 644
853 530
697 862
436 471
866 284
107 925
536 923
655 519
676 279
615 379
247 831
932 742
1000 281
60 827
392 166
65 125
203 171
986 362
464 716
441 434
125 833
96 259
158 492
713 30
926 327
911 467
819 273
677 219
893 202
799 347
608 192
253 904
734 732
220 383
915 403
88 394
536 316
912 596
470 342
967 998
939 507
636 325
389 425
434 970
406 13
918 469
757 814
59 896
270 207
25 102
786 849
218 951
211 358
397 890
589 385
588 235
962 751
958 691
588 199
801 465
164 410
870 320
145 921
433 237
294 953
537 3
775 858
176 283
553 27
385 808
540 74
362 319
668 195
177 598
737 543
19 490
143 747
856 478
631 182
310 891
311 818
627 408
289 370
740 64
350 55
126 706
489 127
991 779
429 842
348 909
890 763
667 538
360 905
560 373
552 609
111 39
716 916
61 539
751 541
739 828
916 400
107 87
215 798
438 432
727 197
600 339
779 975
998 634
134 948
965 782
278 562
788 548
350 99
861 461
411 407
718 876
644 387
440 10
242 952
903 222
367 344
17 765
85 446
47 829
176 430
209 946
115 286
3 664
97 116
814 427
82 650
14 128
39 93
330 140
920 649
890 287
100 584
249 221
232 840
726 414
464 72
998 671
771 637
407 136
140 971
367 607
66 163
646 597
115 578
979 4
834 642
909 756
846 741
64 693
603 299
191 724
957 899
205 333
934 635
909 395
452 847
733 160
431 886
338 223
705 488
458 959
552 973
543 938
296 791
899 906
210 832
334 580
319 712
243 224
314 522
105 657
833 684
461 15
628 789
205 696
263 524
875 874
415 662
791 585
429 576
631 92
827 678
981 78
658 5
660 776
208 84
565 293
743 297
263 574
878 570
346 57
480 462
644 364
44 561
553 815
479 303
219 513
303 152
64 683
667 659
360 272
216 728
716 673
177 955
923 843
368 37
403 475
657 679
431 252
857 20
74 758
278 355
170 214
394 868
775 448
852 595
596 356
348 371
627 307
694 277
89 424
181 569
17 551
726 366
558 328
519 244
963 685
70 943
718 236
959 268
671 639
326 29
232 817
230 486
620 681
979 748
733 616
569 390
738 142
497 384
330 692
475 36
769 579
751 190
364 714
82 762
166 165
932 48
428 555
215 582
412 730
17 837
306 484
191 960
89 466
928 994
489 550
178 703
782 629
152 337
201 290
799 887
562 709
745 53
875 652
828 200
829 518
689 353
81 301
884 897
270 229
422 972
797 559
434 226
750 22
758 251
594 882
321 933
878 575
426 780
344 508
395 335
343 806
350 547
677 322
268 450
484 572
727 881
11 174
330 593
631 352
213 91
458 28
178 9
199 374
24 485
88 590
172 992
608 969
280 534
766 773
750 669
507 811
493 336
849 56
584 567
626 851
415 563
504 900
490 444
591 723
364 521
622 927
789 985
504 898
458 638
163 118
284 715
559 680
433 545
706 317
297 21
552 133
935 777
609 640
987 515
434 380
378 69
454 675
878 729
71 613
908 778
327 725
963 945
212 196
490 848
30 510
256 621
108 966
897 568
194 46
828 487
409 883
77 167
576 153
454 141
182 80
849 999
606 435
240 49
725 982
102 79
695 531
561 612
711 206
841 942
573 794
499 774
589 516
331 800
758 670
734 666
671 455
776 633
473 282
466 233
167 988
248 257
283 231
959 754
828 989
70 854
997 402
250 340
594 332
213 18
595 147
912 611
318 463
490 761
780 919
283 746
461 720
613 106
772 554
970 169
163 544
580 835
820 476
208 261
600 138
162 258
935 451
588 262
778 978
307 23
118 354
508 417
191 592
988 95
30 123
218 672
44 930
195 583
419 298
321 654
20 871
659 983
292 276
297 917
256 838
15 529
191 6
337 16
906 752
427 968
270 260
222 45
288 618
964 35
738 396
849 708
634 180
878 421
38 382
253 442
802 767
896 941
458 902
469 198
85 665
334 764
775 482
274 124
144 341
328 157
554 892
306 254
2 234
672 895
567 936
469 304
47 587
486 614
120 805
986 175
39 130
141 477
244 812
988 602
326 860
259 961
855 204
505 275
934 707
663 599
638 313
635 472
891 117
268 459
643 90
833 901
283 386
120 526
524 381
359 907
254 793
923 62
836 155
935 150
261 264
897 483
139 976
532 503
922 947
1000
1 2
2 3
3 4
4 5
5 6
6 7
7 8
8 9
9 10
10 11
11 12
12 13
13 14
14 15
15 16
16 17
17 18
18 19
19 20
20 21
21 22
22 23
23 24
24 25
25 26
26 27
27 28
28 29
29 30
30 31
31 32
32 33
33 34
34 35
35 36
36 37
37 38
38 39
39 40
40 41
41 42
42 43
43 44
44 45
45 46
46 47
47 48
48 49
49 50
50 51
51 52
52 53
53 54
54 55
55 56
56 57
57 58
58 59
59 60
60 61
61 62
62 63
63 64
64 65
65 66
66 67
67 68
68 69
69 70
70 71
71 72
72 73
73 74
74 75
75 76
76 77
77 78
78 79
79 80
80 81
81 82
82 83
83 84
84 85
85 86
86 87
87 88
88 89
89 90
90 91
91 92
92 93
93 94
94 95
95 96
96 97
97 98
98 99
99 100
100 101
101 102
102 103
103 104
104 105
105 106
106 107
107 108
108 109
109 110
110 111
111 112
112 113
113 114
114 115
115 116
116 117
117 118
118 119
119 120
120 121
121 122
122 123
123 124
124 125
125 126
126 127
127 128
128 129
129 130
130 131
131 132
132 133
133 134
134 135
135 136
136 137
137 138
138 139
139 140
140 141
141 142
142 143
143 144
144 145
145 146
146 147
147 148
148 149
149 150
150 151
151 152
152 153
153 154
154 155
155 156
156 157
157 158
158 159
159 160
160 161
161 162
162 163
163 164
164 165
165 166
166 167
167 168
168 169
169 170
170 171
171 172
172 173
173 174
174 175
175 176
176 177
177 178
178 179
179 180
180 181
181 182
182 183
183 184
184 185
185 186
186 187
187 188
188 189
189 190
190 191
191 192
192 193
193 194
194 195
195 196
196 197
197 198
198 199
199 200
200 201
201 202
202 203
203 204
204 205
205 206
206 207
207 208
208 209
209 210
210 211
211 212
212 213
213 214
214 215
215 216
216 217
217 218
218 219
219 220
220 221
221 222
222 223
223 224
224 225
225 226
226 227
227 228
228 229
229 230
230 231
231 232
232 233
233 234
234 235
235 236
236 237
237 238
238 239
239 240
240 241
241 242
242 243
243 244
244 245
245 246
246 247
247 248
248 249
249 250
250 251
251 252
252 253
253 254
254 255
255 256
256 257
257 258
258 259
259 260
260 261
261 262
262 263
263 264
264 265
265 266
266 267
267 268
268 269
269 270
270 271
271 272
272 273
273 274
274 275
275 276
276 277
277 278
278 279
279 280
280 281
281 282
282 283
283 284
284 285
285 286
286 287
287 288
288 289
289 290
290 291
291 292
292 293
293 294
294 295
295 296
296 297
297 298
298 299
299 300
300 301
301 302
302 303
303 304
304 305
305 306
306 307
307 308
308 309
309 310
310 311
311 312
312 313
313 314
314 315
315 316
316 317
317 318
318 319
319 320
320 321
321 322
322 323
323 324
324 325
325 326
326 327
327 328
328 329
329 330
330 331
331 332
332 333
333 334
334 335
335 336
336 337
337 338
338 339
339 340
340 341
341 342
342 343
343 344
344 345
345 346
346 347
347 348
348 349
349 350
350 351
351 352
352 353
353 354
354 355
355 356
356 357
357 358
358 359
359 360
360 361
361 362
362 363
363 364
364 365
365 366
366 367
367 368
368 369
369 370
370 371
371 372
372 373
373 374
374 375
375 376
376 377
377 378
378 379
379 380
380 381
381 382
382 383
383 384
384 385
385 386
386 387
387 388
388 389
389 390
390 391
391 392
392 393
393 394
394 395
395 396
396 397
397 398
398 399
399 400
400 401
401 402
402 403
403 404
404 405
405 406
406 407
407 408
408 409
409 410
410 411
411 412
412 413
413 414
414 415
415 416
416 417
417 418
418 419
419 420
420 421
421 422
422 423
423 424
424 425
425 426
426 427
427 428
428 429
429 430
430 431
431 432
432 433
433 434
434 435
435 436
436 437
437 438
438 439
439 440
440 441
441 442
442 443
443 444
444 445
445 446
446 447
447 448
448 449
449 450
450 451
451 452
452 453
453 454
454 455
455 456
456 457
457 458
458 459
459 460
460 461
461 462
462 463
463 464
464 465
465 466
466 467
467 468
468 469
469 470
470 471
471 472
472 473
473 474
474 475
475 476
476 477
477 478
478 479
479 480
480 481
481 482
482 483
483 484
484 485
485 486
486 487
487 488
488 489
489 490
490 491
491 492
492 493
493 494
494 495
495 496
496 497
497 498
498 499
499 500
500 501
501 502
502 503
503 504
504 505
505 506
506 507
507 508
508 509
509 510
510 511
511 512
512 513
513 514
514 515
515 516
516 517
517 518
518 519
519 520
520 521
521 522
522 523
523 524
524 525
525 526
526 527
527 528
528 529
529 530
530 531
531 532
532 533
533 534
534 535
535 536
536 537
537 538
538 539
539 540
540 541
541 542
542 543
543 544
544 545
545 546
546 547
547 548
548 549
549 550
550 551
551 552
552 553
553 554
554 555
555 556
556 557
557 558
558 559
559 560
560 561
561 562
562 563
563 564
564 565
565 566
566 567
567 568
568 569
569 570
570 571
571 572
572 573
573 574
574 575
575 576
576 577
577 578
578 579
579 580
580 581
581 582
582 583
583 584
584 585
585 586
586 587
587 588
588 589
589 590
590 591
591 592
592 593
593 594
594 595
595 596
596 597
597 598
598 599
599 600
600 601
601 602
602 603
603 604
604 605
605 606
606 607
607 608
608 609
609 610
610 611
611 612
612 613
613 614
614 615
615 616
616 617
617 618
618 619
619 620
620 621
621 622
622 623
623 624
624 625
625 626
626 627
627 628
628 629
629 630
630 631
631 632
632 633
633 634
634 635
635 636
636 637
637 638
638 639
639 640
640 641
641 642
642 643
643 644
644 645
645 646
646 647
647 648
648 649
649 650
650 651
651 652
652 653
653 654
654 655
655 656
656 657
657 658
658 659
659 660
660 661
661 662
662 663
663 664
664 665
665 666
666 667
667 668
668 669
669 670
670 671
671 672
672 673
673 674
674 675
675 676
676 677
677 678
678 679
679 680
680 681
681 682
682 683
683 684
684 685
685 686
686 687
687 688
688 689
689 690
690 691
691 692
692 693
693 694
694 695
695 696
696 697
697 698
698 699
699 700
700 701
701 702
702 703
703 704
704 705
705 706
706 707
707 708
708 709
709 710
710 711
711 712
712 713
713 714
714 715
715 716
716 717
717 718
718 719
719 720
720 721
721 722
722 723
723 724
724 725
725 726
726 727
727 728
728 729
729 730
730 731
731 732
732 733
733 734
734 735
735 736
736 737
737 738
738 739
739 740
740 741
741 742
742 743
743 744
744 745
745 746
746 747
747 748
748 749
749 750
750 751
751 752
752 753
753 754
754 755
755 756
756 757
757 758
758 759
759 760
760 761
761 762
762 763
763 764
764 765
765 766
766 767
767 768
768 769
769 770
770 771
771 772
772 773
773 774
774 775
775 776
776 777
777 778
778 779
779 780
780 781
781 782
782 783
783 784
784 785
785 786
786 787
787 788
788 789
789 790
790 791
791 792
792 793
793 794
794 795
795 796
796 797
797 798
798 799
799 800
800 801
801 802
802 803
803 804
804 805
805 806
806 807
807 808
808 809
809 810
810 811
811 812
812 813
813 814
814 815
815 816
816 817
817 818
818 819
819 820
820 821
821 822
822 823
823 824
824 825
825 826
826 827
827 828
828 829
829 830
830 831
831 832
832 833
833 834
834 835
835 836
836 837
837 838
838 839
839 840
840 841
841 842
842 843
843 844
844 845
845 846
846 847
847 848
848 849
849 850
850 851
851 852
852 853
853 854
854 855
855 856
856 857
857 858
858 859
859 860
860 861
861 862
862 863
863 864
864 865
865 866
866 867
867 868
868 869
869 870
870 871
871 872
872 873
873 874
874 875
875 876
876 877
877 878
878 879
879 880
880 881
881 882
882 883
883 884
884 885
885 886
886 887
887 888
888 889
889 890
890 891
891 892
892 893
893 894
894 895
895 896
896 897
897 898
898 899
899 900
900 901
901 902
902 903
903 904
904 905
905 906
906 907
907 908
908 909
909 910
910 911
911 912
912 913
913 914
914 915
915 916
916 917
917 918
918 919
919 920
920 921
921 922
922 923
923 924
924 925
925 926
926 927
927 928
928 929
929 930
930 931
931 932
932 933
933 934
934 935
935 936
936 937
937 938
938 939
939 940
940 941
941 942
942 943
943 944
944 945
945 946
946 947
947 948
948 949
949 950
950 951
951 952
952 953
953 954
954 955
955 956
956 957
957 958
958 959
959 960
960 961
961 962
962 963
963 964
964 965
965 966
966 967
967 968
968 969
969 970
970 971
971 972
972 973
973 974
974 975
975 976
976 977
977 978
978 979
979 980
980 981
981 982
982 983
983 984
984 985
985 986
986 987
987 988
988 989
989 990
990 991
991 992
992 993
993 994
994 995
995 996
996 997
997 998
998 999
999 1000
1000
670 703
670 806
806 653
670 255
255 911
806 855
703 80
670 899
255 221
653 380
703 909
80 761
255 81
255 179
81 863
761 202
703 134
202 350
80 158
81 318
202 526
202 479
179 172
806 500
911 852
179 983
983 270
855 291
653 435
291 746
852 459
134 30
653 503
503 195
81 666
380 240
380 100
158 157
653 767
380 249
767 758
157 24
318 274
503 96
806 676
80 781
500 52
899 132
767 313
983 871
318 842
746 155
96 493
195 752
96 323
313 826
172 214
350 438
30 914
52 882
202 88
503 444
983 136
526 762
863 642
871 409
703 648
24 337
863 344
526 388
132 849
500 448
911 168
500 532
88 429
855 915
24 307
752 11
915 998
179 646
155 961
444 60
842 631
313 960
646 12
642 427
344 110
270 790
493 225
631 686
503 413
479 204
752 619
380 210
158 206
842 602
409 675
249 462
686 989
871 235
670 972
195 94
686 804
158 531
96 927
998 56
826 981
459 673
842 992
767 133
80 357
24 501
388 836
94 199
790 710
666 923
195 244
136 833
110 450
493 27
155 298
157 748
438 55
350 74
998 887
96 913
435 898
55 59
989 51
911 10
762 868
646 875
435 414
758 547
887 411
55 845
923 140
898 190
136 416
190 145
244 713
168 753
806 541
51 795
842 102
875 599
298 191
318 920
416 209
868 759
323 488
675 695
998 181
60 50
532 165
88 45
337 164
868 719
479 944
961 611
806 46
849 330
758 286
488 506
863 557
526 556
444 904
165 378
836 185
944 615
165 587
915 396
842 692
666 939
298 326
992 671
318 917
235 105
51 771
190 560
133 894
60 426
748 808
435 522
357 694
326 515
30 99
927 306
133 278
762 72
459 425
100 304
459 687
532 765
767 447
459 605
447 25
185 62
767 714
894 54
165 747
804 832
611 177
806 446
887 6
746 61
619 975
560 334
488 141
74 930
687 486
748 598
806 483
12 289
54 328
503 470
909 568
81 614
172 485
506 302
914 299
532 53
806 592
927 987
12 160
195 810
746 507
568 246
425 239
493 807
396 866
515 831
134 222
748 78
868 5
270 496
852 943
560 154
767 452
225 83
587 161
304 442
96 775
972 769
485 580
676 971
642 511
989 585
526 606
378 921
289 965
989 319
762 735
598 171
172 732
675 800
921 65
56 794
748 382
692 173
836 348
483 367
344 538
94 645
790 404
761 621
500 250
214 362
653 397
99 945
675 346
155 95
299 829
836 959
60 433
161 264
719 549
6 48
833 489
611 928
206 77
470 617
362 354
56 721
920 463
810 744
438 226
560 93
255 458
409 647
426 982
923 622
541 232
286 481
849 211
842 844
547 709
211 146
411 407
291 516
752 558
132 434
746 741
882 643
549 966
915 275
141 39
470 267
975 838
462 4
971 628
532 818
868 37
46 610
407 308
442 678
157 410
168 215
959 885
982 715
46 35
549 233
62 779
93 763
275 223
549 799
771 773
357 596
96 152
45 42
223 934
195 658
532 188
80 893
425 787
500 792
346 654
463 224
42 296
221 809
752 664
792 109
960 563
458 651
960 880
721 143
11 907
541 803
713 466
299 938
134 269
133 87
694 881
199 552
651 554
673 38
407 946
868 638
133 342
413 43
62 705
161 517
605 544
642 423
882 353
987 951
585 954
855 439
893 649
87 830
515 259
927 659
239 755
326 601
621 861
831 978
161 633
334 242
171 570
413 922
744 200
259 595
158 16
307 460
868 693
568 281
65 247
209 756
570 375
246 635
928 182
27 827
771 377
209 551
357 219
651 142
914 369
38 315
547 192
643 13
172 774
526 846
713 245
694 91
887 603
880 69
496 364
666 733
855 186
703 428
648 588
313 82
946 28
829 15
232 310
842 802
556 331
337 918
157 84
233 198
397 17
898 386
330 115
752 229
414 128
658 941
646 363
747 144
538 320
917 3
631 341
930 237
503 376
807 417
761 817
531 294
307 967
246 20
765 620
357 203
376 405
610 853
289 684
928 540
710 813
515 534
247 258
192 565
694 851
224 908
647 314
922 349
849 533
376 993
55 553
654 167
993 66
620 878
945 471
221 947
42 159
128 23
658 815
595 949
631 555
922 667
481 47
304 548
844 482
971 176
501 957
580 608
28 456
620 473
146 273
167 64
763 288
939 268
109 266
323 359
39 518
868 737
247 227
53 107
154 114
547 816
246 729
557 265
938 789
331 706
80 137
548 786
442 742
493 178
433 857
946 624
818 660
813 457
511 718
614 841
786 201
204 478
972 238
923 586
563 322
145 691
304 340
653 391
428 958
291 89
816 618
310 935
326 640
210 743
557 262
863 22
981 311
144 726
481 625
240 754
815 594
615 877
249 953
95 101
653 791
320 750
714 389
84 254
377 902
330 543
501 963
532 801
664 384
482 372
65 822
877 441
989 785
77 995
587 189
526 772
154 321
592 495
428 1000
972 408
11 398
588 739
39 933
143 394
692 487
191 403
995 420
640 149
56 900
558 85
267 820
462 21
966 455
852 490
269 40
24 796
945 472
602 356
954 970
185 683
319 147
140 443
621 632
729 867
198 124
270 688
189 352
173 650
810 280
921 889
889 956
478 730
526 578
807 412
443 980
22 402
80 494
881 524
378 301
754 292
970 272
917 162
219 697
978 616
719 627
960 76
795 29
852 504
621 727
781 919
102 630
124 936
813 196
85 374
789 848
622 994
109 484
803 385
95 361
107 351
299 924
907 216
803 783
646 734
992 865
6 776
678 180
211 212
301 805
651 583
95 897
532 156
531 682
941 271
515 151
775 955
60 582
601 903
296 663
377 662
730 8
408 33
666 41
915 636
178 283
615 546
315 892
233 674
356 757
713 573
670 138
919 712
544 672
804 699
341 18
47 297
917 371
41 338
995 67
133 738
947 390
265 63
503 293
151 725
450 574
738 689
899 36
485 680
227 740
636 112
25 492
195 430
643 491
137 284
470 999
239 103
501 279
663 655
323 303
928 896
934 835
611 652
500 685
725 613
344 499
693 510
204 895
967 561
41 31
164 537
414 300
203 393
640 445
138 661
190 901
573 126
994 400
921 135
369 68
746 520
664 170
354 381
172 821
470 379
160 571
107 347
592 797
416 399
970 858
145 325
168 839
280 850
741 474
41 589
791 731
920 513
31 34
827 498
633 123
568 681
299 139
582 125
761 19
474 572
978 387
498 577
142 886
820 876
391 234
34 512
42 461
1000 825
265 228
237 760
308 707
853 562
563 2
143 469
2 581
989 131
762 979
76 476
444 261
595 597
533 193
825 345
223 150
131 612
364 163
875 530
790 113
695 812
1000 523
381 872
825 883
732 208
232 465
95 312
744 183
425 418
544 696
87 879
124 590
268 1
495 626
13 415
181 329
279 521
204 366
945 873
899 97
635 57
147 220
858 952
452 75
694 545
154 383
583 843
979 129
301 722
848 432
313 316
390 575
366 14
875 79
727 984
648 118
385 207
88 86
833 950
1000 127
36 287
598 436
135 780
810 990
341 257
826 704
615 169
232 437
313 669
896 422
674 912
825 260
691 607
651 837
841 749
485 148
170 120
939 702
192 251
159 282
142 117
27 370
415 948
631 720
325 467
578 870
952 711
971 71
107 424
397 567
543 677
458 942
398 976
976 559
48 668
306 925
354 536
565 854
676 111
989 335
377 905
908 859
318 745
239 253
329 566
135 58
748 708
488 986
662 824
52 529
183 964
521 751
677 724
459 26
325 973
328 7
25 604
578 766
161 623
853 252
565 453
490 464
99 98
140 519
14 263
232 728
512 508
433 969
326 49
826 890
866 336
754 104
57 184
741 778
511 723
938 468
172 130
945 122
87 834
533 991
582 454
508 194
984 929
127 656
117 716
308 641
245 174
846 977
681 869
394 355
307 860
796 916
818 782
450 368
151 937
848 770
512 690
310 166
721 985
914 926
168 419
831 828
946 197
11 768
531 106
311 70
272 814
238 236
460 609
204 431
233 505
159 679
42 856
35 564
873 535
955 9
139 584
197 276
383 73
817 343
505 884
435 475
632 793
660 477
83 874
766 996
500 327
103 576
27 514
188 401
953 634
684 888
281 218
512 285
127 217
456 665
523 365
956 525
109 539
168 784
824 777
615 639
556 637
634 591
897 421
13 736
24 121
637 290
283 480
829 502
14 108
141 440
515 317
490 940
829 241
211 509
897 256
135 701
270 988
438 788
647 90
126 248
562 92
76 798
769 360
580 309
704 32
240 931
627 119
926 175
318 451
882 550
647 700
284 213
190 358
776 324
931 332
47 962
535 243
953 579
740 339
377 333
805 840
745 116
551 187
940 811
95 891
496 205
793 406
356 932
462 698
402 277
511 906
38 153
786 569
194 527
844 295
463 847
807 644
514 997
151 717
633 542
784 819
12 600
208 657
850 392
745 823
60 231
666 910
619 373
124 528
79 395
505 968
63 593
68 864
212 305
347 764
859 974
180 449
491 629
369 44
961 230
11 497
215 862
