20
100
3269
8736
432
343
452
8928
8551
7301
621
12
8299
188
5669
2042
8442
8365
8308
215
1417
287
1284
674
9806
773
9762
3065
832
1074
8980
66
4049
8902
1752
6046
9818
1577
198
3208
3000
773
2874
1143
914
9840
9844
9528
2240
1035
3665
8829
6871
8479
381
9932
9453
9973
8646
8546
345
7477
3004
1209
8801
4400
8768
452
9777
9359
1373
1586
9792
9481
9365
8320
1301
8872
9639
9562
9323
7212
7162
8280
8178
4247
8744
347
50
665
227
8756
9429
2627
8563
6130
1682
9978
2286
7054
1775
9031
2
1
1000000000
100
5549
5059
8456
8386
8081
1554
4810
6388
6387
3470
5757
1223
2336
2577
9294
9975
3335
7592
6175
9666
4318
6659
8839
2204
4012
5016
3008
1244
1501
4463
7528
6989
8994
9175
9840
9102
5262
1904
5264
6066
8938
480
7089
8241
1857
398
7201
1733
3989
9466
8371
8318
136
867
3260
1567
3748
335
2039
4878
9300
7543
1650
3736
4360
4536
6799
7674
3285
2403
7204
8729
3763
9981
9211
539
6525
2144
7891
108
2180
2216
2669
6282
157
7031
1983
3977
6222
6722
6197
9457
533
1826
6299
1419
6033
6884
9124
6439
100
3490
4799
1158
1028
1704
6039
2228
6307
553
9607
63
1138
8694
9159
9976
9686
659
71
8345
558
1491
1257
86
8628
193
2637
1163
8841
7044
508
1727
8075
9901
9127
8437
1082
1882
9857
9567
9710
2769
9876
1243
8161
405
8584
9151
1612
3336
680
7697
9267
9986
8026
8926
5416
9151
9118
9877
7763
602
741
3100
7899
9004
8224
9607
7478
2091
9555
33
5525
102
3016
547
8503
907
9282
9326
8065
329
212
9213
9393
631
1086
821
9525
9815
9501
3802
365
8648
3086
9586
348
8717
8581
7732
2089
100
984288585
984295911
984297693
984288882
984297000
984296802
984293832
984294030
984292941
984288981
984289575
984293931
984290763
984292842
984290070
984292743
984291555
984294426
984297396
984292446
984290367
984296010
984296208
984292644
984290565
984290961
984292050
984292347
984298188
984296307
984291654
984294723
984290466
984298089
984297297
984291456
984295317
984294921
984297792
984289179
984295713
984291060
984293337
984290268
984295119
984291357
984297594
984294525
984294822
984289080
984293436
984298287
984288684
984296505
984291159
984295218
984292545
984296703
984290862
984295614
984297198
984293634
984289773
984294624
984289674
984296109
984295416
984293139
984295020
984294228
984289872
984288783
984293238
984295515
984297990
984298386
984290664
984297495
984296604
984289278
984294129
984295812
984292149
984292248
984291951
984293040
984294327
984291258
984289476
984293733
984293535
984291753
984289377
984296406
984291852
984296901
984290169
984297099
984289971
984297891
1
1000000000
100
1502
8525
2466
4852
2514
7191
5094
3020
9832
5860
6906
2789
5581
3193
9616
4373
7654
925
2396
4838
6409
4941
6999
4583
5266
5993
7119
4201
6287
4085
1268
6035
8948
985
8989
7231
3240
6546
1393
7530
7718
2671
2991
4568
5309
3796
8070
6381
8097
2842
5565
3717
3976
3917
7932
3485
9373
2765
7041
8727
4352
8414
3069
5914
339
5703
4596
224
9263
807
8001
551
7661
4651
6255
6529
7566
6858
3601
1363
9780
6441
939
7529
6278
6935
9494
9857
5024
8147
6608
4044
3184
2608
5562
8480
8106
4984
3464
8856
100
7630
74
3019
8521
280
3264
3973
7008
6691
42
50
2532
1479
9626
1427
2290
5376
5379
3118
7591
4350
2719
4508
5862
9123
6201
1340
550
6408
3955
4687
6306
1239
4418
3802
1831
5266
3917
8631
3449
3819
6593
4580
1726
9306
7584
7986
7921
6011
8605
8679
6961
8557
33
3933
3423
8260
2090
2896
2340
6567
1735
2404
5896
9666
7069
5085
3644
8054
3941
8358
7633
3380
4059
5131
4959
4022
145
6446
9679
9334
4602
7973
9649
3109
8607
5658
5207
2774
1965
842
5352
4688
373
4471
6974
7215
1131
2406
4280
100
4478
866
3727
180
1891
7713
2132
4984
7706
8407
929
2420
4364
5596
6265
8124
7717
7392
9154
8777
4551
6786
5335
1925
9541
2426
9782
2976
840
992
4627
9950
8926
3986
2211
6839
7430
4066
1618
8262
213
118
8846
4827
5684
3943
1609
6409
351
9730
4906
5064
8935
3482
7021
596
1441
5332
8799
652
9782
4457
3778
6260
625
3991
4847
8595
7252
209
4751
3014
5219
6379
8289
1819
6934
4014
6456
4695
7228
7002
7034
2001
7987
6143
2306
7796
2465
5411
4718
6881
9310
3199
2289
3563
1239
6130
7186
3913
100
5101
2748
9163
7341
2396
6404
2969
7068
506
9131
5148
710
2516
1252
4132
5809
2972
9604
4915
9363
4519
8022
1154
2458
1726
1240
8746
7862
5934
12
2876
3338
9384
8744
3658
9918
4721
2054
9739
9392
8035
9813
1355
4046
6747
2566
824
7517
2521
591
4598
614
515
4316
9052
6035
4226
3577
5237
8998
2514
265
320
4099
5319
1458
6561
7218
2483
1375
9406
1406
5601
7709
3858
7400
2141
3310
9389
932
2777
3129
1729
2826
5034
4567
7415
1975
8617
4360
1560
8282
2451
7356
4117
5303
57
4987
6608
8775
100
8526
7400
3909
3715
8945
9373
4952
1056
4661
3313
5587
454
2606
7685
4455
3726
7591
4058
2933
3604
2460
5800
8663
4138
8287
6856
2967
2723
246
9882
2102
3608
8971
7984
5767
4518
2155
2129
6977
6798
8328
5223
240
8500
4935
3649
4932
9057
3139
6354
7712
9665
7800
8944
9244
3270
5816
2902
7988
6803
4730
882
2360
4081
7350
2824
7050
1853
1274
4509
3954
1192
8616
4412
2733
8534
1301
6597
746
736
2332
5881
3356
354
1865
431
2091
1917
6367
3987
8498
5398
3955
5121
322
3397
4974
3838
9742
8391
6
1
3
6
7
12
14
100
8973
1199
8609
7863
3142
331
6793
3080
6350
4949
2004
3670
2426
1714
9617
7892
5250
9342
4193
3907
771
4436
6348
3883
7869
1032
7229
8809
5813
4334
946
3067
7093
2608
4653
9510
2696
4683
5205
1985
1934
5890
2870
9591
46
1482
1309
3273
4607
5229
1484
1562
525
5495
6156
6097
2635
6956
2086
1194
8811
8160
985
3717
583
5901
4584
3798
7884
5537
1753
1619
6778
5197
8086
1673
5685
2727
736
2616
1735
7673
4295
3810
9692
2895
5443
6624
868
541
4623
3869
7844
9591
5208
6809
949
6136
7666
6055
100
8350
4726
469
703
6829
4745
5956
3700
3550
4225
489
5380
1570
1867
4454
207
9995
2937
1136
1832
8098
6305
7826
7542
2980
2218
5561
5411
3424
1122
3913
9680
6635
554
5910
4943
2700
3992
5868
8152
1408
2004
3065
372
7495
8667
4797
2165
2437
1264
9089
6012
8546
7366
6829
658
9850
8711
1455
2848
270
9648
4443
3174
4402
8434
2870
9768
2653
7075
202
3228
2203
6571
6710
3389
3182
3431
7803
2187
6185
58
5408
4473
8452
279
7630
5150
4715
5784
7780
2469
1999
8138
3380
2364
6323
9983
5540
8488
100
1000000000
1000000000
1000000000
1000000000
1000000000
1000000000
1000000000
1000000000
1000000000
1000000000
1000000000
1000000000
1000000000
1000000000
1000000000
1000000000
1000000000
1000000000
1000000000
1000000000
1000000000
1000000000
1000000000
1000000000
1000000000
1000000000
1000000000
1000000000
1000000000
1000000000
1000000000
1000000000
1000000000
1000000000
1000000000
1000000000
1000000000
1000000000
1000000000
1000000000
1000000000
1000000000
1000000000
1000000000
1000000000
1000000000
1000000000
1000000000
1000000000
1000000000
1000000000
1000000000
1000000000
1000000000
1000000000
1000000000
1000000000
1000000000
1000000000
1000000000
1000000000
1000000000
1000000000
1000000000
1000000000
1000000000
1000000000
1000000000
1000000000
1000000000
1000000000
1000000000
1000000000
1000000000
1000000000
1000000000
1000000000
1000000000
1000000000
1000000000
1000000000
1000000000
1000000000
1000000000
1000000000
1000000000
1000000000
1000000000
1000000000
1000000000
1000000000
1000000000
1000000000
1000000000
1000000000
1000000000
1000000000
1000000000
1000000000
1000000000
100
8078
2385
7720
5374
3261
4222
5815
9032
5676
1678
9171
3045
2787
3655
6589
6456
5740
3367
4378
598
2661
7163
9490
2904
6001
3081
8706
6636
4679
6919
2042
7253
6657
7553
4176
9527
1615
9575
4156
124
4722
7260
7210
113
7121
2712
8555
4841
7479
7479
9747
1961
8178
2393
2332
442
3590
6144
9698
923
648
6308
3734
8637
8308
146
2620
1397
4664
4969
6156
8061
4646
2140
3188
5394
8406
467
4948
1559
8737
3689
9312
2
6743
3775
7522
7210
4570
1624
9670
9631
8577
4843
6653
4578
3190
6133
330
9240
100
8749
8405
8954
4039
2403
5015
5211
7418
4297
7108
2767
2269
2669
5864
7
7824
8757
2692
7690
6710
6871
4239
465
4374
5089
5808
923
5706
818
6486
666
6355
5727
6497
3989
6163
6367
5814
9716
2561
1951
7326
5767
873
3536
2951
6160
5353
6244
2514
8947
2614
6564
2627
4941
7573
3069
981
3675
9090
1214
3347
2734
6268
667
7568
5598
583
6365
6464
6468
7321
7840
9485
1342
4589
6036
9171
1646
6083
5885
2083
6620
8654
9619
7236
2112
3588
6947
2973
2712
8402
8523
365
5576
3398
3794
7172
4917
8707
100
1950
3541
4462
3192
4007
8149
1127
5044
1521
7496
6027
3301
2697
7222
4778
4347
5313
1617
3655
6357
6208
3578
1980
8521
2144
7065
7189
1776
7663
7049
2816
9686
1262
4121
7875
2222
9589
2204
6918
13
4429
9146
8725
5659
8932
8925
4447
597
9565
1717
3530
5613
893
468
2140
3208
4703
9523
3843
3119
8433
5691
1695
1359
9381
8781
4835
7977
5873
7643
5799
978
1631
9628
1609
6964
9246
7180
3591
9052
9183
4041
7686
5178
1400
9399
8255
7268
4117
7805
2732
2515
1266
2886
1935
1891
4082
9985
8684
3816
100
957501282
957505882
957507882
957508482
957506282
957502082
957508382
957501182
957507682
957502782
957508782
957499882
957507982
957507382
957502282
957500282
957503982
957507082
957505582
957503082
957499182
957499982
957499482
957504682
957499382
957501382
957500182
957500582
957506882
957501482
957505782
957503282
957504382
957508282
957504982
957503682
957500382
957504082
957499782
957506382
957506482
957508082
957500782
957498982
957503882
957502182
957501682
957505982
957499082
957507482
957500482
957507782
957505082
957502982
957500082
957508682
957508582
957503382
957502582
957504282
957506682
957508882
957503182
957504782
957505682
957502482
957504882
957499582
957501082
957505282
957505382
957502682
957500882
957504482
957505182
957507282
957502382
957503582
957503482
957507182
957508182
957504182
957506582
957501782
957503782
957506782
957499682
957500982
957501982
957499282
957505482
957501582
957506982
957504582
957502882
957500682
957506182
957501882
957507582
957506082
2
1
999999999
