45
5 3
9936241 8185081
85521127 20145297
12545391 58966412
51234611 58474305
45436231 18007713
42697991 63946545
55474755 8720961
11612770 6731169
2 2 1 
41470708
6 5
49156161 31871365
44711086 74898605
91192933 13332949
33558533 7489476
40903633 77563001
12715889 16087101
35544857 46675299
20371973 77473031
31731271 45997324
41554625 21050001
68231182 3116989
1 1 1 1 2 
39045135
6 5
3676103 70253041
56276461 28105917
73427192 61689911
1828564 81428911
56359718 25744057
29767251 48027681
9530341 37929025
39660626 44376551
96647601 25544161
52334038 71928450
28361571 70119961
1 2 1 1 1 
40487779
6 5
3612249 797265
51750033 84974241
62691239 94103790
66698529 81888089
53630153 76883769
63011873 15311844
72767808 33751557
60980602 82431091
7752921 33151664
16152539 87133199
92178360 93208628
1 2 1 1 1 
37756452
9 8
96906249 76886301
25829271 108151
46879663 71111937
32279361 89264249
30318889 37945601
52359377 52795323
96694161 41168905
95160449 93406541
14589451 19664909
80752307 91762338
35738037 62229433
80324500 70508976
21700081 71526036
14758181 31851873
46297121 63834596
82679401 42357601
30527568 65915518
1 1 1 1 2 1 1 1 
42814811
5 3
54031000 16753426
35701901 49103713
19591549 43007713
34147733 45617817
11660864 34736721
13587211 32025821
47827501 40572961
47426472 916720
2 2 1 
22441233
7 5
25780161 33827786
17524255 89452913
39774039 53460921
65087639 47764753
25207074 9500943
79439041 21385684
168797 85830985
57543916 42024705
11609891 63891453
35496438 63163979
83644347 44561150
38467149 10571441
2 2 1 1 1 
39052470
9 7
17005073 69076680
73116126 76838091
56283621 13619713
54760186 76096489
40931881 15430806
43929001 32102641
40493981 25903221
69862647 30020581
66789901 6164256
81816171 53666175
15245078 85159094
18232001 36840781
75041269 97880271
30521833 85247341
74658461 8728941
25860788 872717
1 1 1 1 1 2 2 
39663697
9 5
61643383 11514101
75304709 51365929
35455225 39642021
10189301 2613703
7744601 12143809
74544177 3307358
77910331 27123581
65376047 9860878
56589425 53967761
45248592 41473835
27269803 6740643
74672542 50616616
58460561 2341791
70344567 47542785
2 2 2 1 2 
44729868
9 5
95917037 24643867
70615685 81276171
23135029 3831662
82976187 33987331
44191537 16206681
35909577 909853
32241139 66198237
6293776 78744385
14309295 58693231
24052237 26921977
36265473 82071491
89474537 63032211
20020759 55979861
67551271 25754533
2 1 1 3 2 
37869464
10 7
15307845 96939577
95867773 9349601
70954864 11412354
87165015 62733203
43110082 70565788
9947393 86523643
45594921 21466153
62685081 36075330
22723931 53928745
34226821 21964029
51164464 65377261
10988743 52997157
20762848 94575473
23424318 13740833
38915725 2124313
69424371 13839737
41401234 82889656
1 1 1 2 2 2 1 
41327179
9 5
45929038 1349823
57014094 24917828
56407271 84656842
22983553 72584227
34217567 69583960
64849914 35009546
56147351 21623345
17320057 80900047
20210101 92463955
44056561 29109311
20917969 83420727
98891441 20872956
50596799 25911003
43803817 83200669
2 2 1 1 3 
43494478
8 7
72039427 31098463
57393569 493813
31252495 38795589
10214187 1345961
38007547 21705138
32099457 10089319
23840431 28381033
6473425 53952325
28111133 32153415
20411293 54045413
73831241 36915041
33693939 19664681
31268425 18979697
10067870 9219751
8551649 77308313
1 2 1 1 1 1 1 
42870497
8 7
65511246 24871457
59073566 84861201
15322497 39409449
46120569 23665689
60954436 80947759
19645839 54632358
23554387 11593001
21387903 20768089
2407737 47741242
21964025 15254749
11330705 30331251
59308202 42380577
52887251 15416371
32571397 94908013
23924305 36233953
1 1 1 2 1 1 1 
40213416
7 5
19851109 62546226
29870481 68210009
36045301 53409077
66564598 98577489
98716689 47545361
30276566 27871169
50362073 9470875
47467949 84165976
54272271 29951809
92796790 29272661
37207455 254177
44926201 59535801
2 2 1 1 1 
41684238
10 7
44488929 32366537
8154829 3933233
15427951 38209793
57034255 6493831
59422975 30450183
27627673 5874237
70947701 47142313
99919785 42136903
19207575 55043301
4934341 42456436
1858951 70073551
52898369 18655777
38550529 79638041
26625889 20787039
11432641 6018124
71095916 46029717
84521841 31957341
1 1 1 2 1 1 3 
43937694
9 7
14323323 45502555
42797696 34261169
27855301 79097946
34044801 23419358
96430281 94067044
35455362 4432005
60196962 53751362
25184025 10466779
5362744 52923823
56097501 96300007
28927551 4454901
37057077 808896
14733009 13181247
9488529 80601539
24566191 59260345
2996364 12129103
1 1 1 2 1 1 2 
43161099
6 5
14263666 76467431
40073473 43353071
14101858 13803047
6068458 35264081
5620325 39944625
59877411 69257806
2532149 13313726
26483626 46814169
51701959 70418341
56753352 98851871
15150553 29384545
1 2 1 1 1 
41873222
6 5
60017906 42387526
1747569 71553349
9546451 57402293
79126256 47968666
8295611 38175295
54319147 61087193
12648691 59860911
67482164 51153675
33504096 54797639
56305958 59240473
62625416 56020205
1 1 2 1 1 
41830829
5 3
49810345 52478315
4465395 48225761
10639079 89395948
54200223 40492241
30520017 65663757
20120681 61115974
62752541 26639281
21330751 31704369
1 2 2 
43148653
6 5
72216157 73139049
8188974 15834700
44785626 26377569
27419276 86549761
64843073 68819841
31552656 52163169
83624931 73215876
15590239 78182467
37941565 39913760
10800564 45916113
70575225 50620143
1 1 2 1 1 
32693003
8 5
72786770 28744964
46635684 6925936
68041646 21864729
57602505 22609035
30287881 55677276
40806001 57451441
54159198 87302176
45286609 7655565
55135332 63425616
47399581 83471575
81383117 13692493
79988006 12742446
10902512 70845455
1 2 2 2 1 
43283753
6 5
53516593 30033376
46934084 90869424
85472993 6365349
38107511 42829325
60098753 23776573
9608345 63234593
38032057 77469601
79791841 25737949
45569921 92160616
61463737 45053884
21951745 52038801
1 2 1 1 1 
34715729
9 5
58151348 70385560
6183785 44753856
818749 39263849
57711201 56085794
82918175 71305689
78425469 22221401
42535324 33892646
48175439 32135501
43274043 89863606
42324399 91191356
37410281 47439985
55916849 30579532
35792281 60098209
87551961 58367641
2 2 1 2 2 
44767668
6 5
22987633 82091957
61422008 98404141
29762209 6315037
48172111 21042757
15698712 2460257
77534469 74345391
17891841 56994351
23752738 10100039
40907216 39885829
48273121 86862305
85196953 59750281
1 2 1 1 1 
30193397
6 5
38374191 926344
94616416 5717405
50571121 36585723
7934849 40831441
54173396 22322962
48893765 14264635
73690286 24227771
40893180 26116551
3297760 57263113
50811271 28580313
66009256 29400607
1 1 1 1 2 
39436496
10 7
61651491 21554413
50923518 13568841
96442501 88477219
60842318 63222945
130001 56076796
34136601 52926476
97524491 42434466
90147517 76512301
25512633 4353007
65150918 26758491
28217621 48877223
96381636 31969764
44384301 19262257
37169608 2226353
25015668 64959576
486584 8662883
74659425 79201987
2 1 2 1 1 1 2 
37563281
9 8
47938691 60152561
617221 11082982
16332101 3895772
46898261 48084031
98035109 54915548
8170741 16021054
30357615 79972219
91583909 65853772
81215523 27704501
88275135 49634703
61435574 53420239
17576993 35792679
2296391 6974666
20738714 59317404
598897 68531785
92836390 81082997
55965209 9473857
1 1 1 2 1 1 1 1 
43480957
5 3
96197153 57210933
43322401 86247473
90355052 67186281
50739949 22001143
36274290 60303009
41899979 86237813
49145293 37059639
85093607 87716894
1 1 3 
43240627
9 7
40835521 16989535
60621780 28372597
12017786 3270639
70839681 52423171
71681855 69335041
50149306 57322761
31655126 40537841
13782371 45887873
2026515 38196073
8911301 47472880
68002430 37387744
65398881 8046078
24576918 34194001
51709173 55192201
30819965 71915461
69312496 46864671
1 1 1 1 2 1 2 
43482494
6 5
53474316 70541315
88267801 68402609
86235242 36202814
93895891 26612605
40605333 10934941
92967041 14568710
82281601 29923626
22385255 84052251
37076700 3449807
89247619 71729251
63672898 19120165
2 1 1 1 1 
44599996
6 5
4306311 9040862
40843831 71585779
32289331 10014567
78832844 22643301
74254992 99920689
1544478 78331024
77495776 30810108
56660105 51420933
5415813 44840793
11087233 3044513
58524977 79370281
1 1 2 1 1 
37361566
7 5
81276407 87436914
35258121 70800361
23159739 38513121
45176053 79117540
34495267 37965451
63268901 44074868
16537669 4189651
75809481 67134551
3621601 20170213
24373633 48207401
54881581 1034721
17413933 77090266
3 1 1 1 1 
42616416
8 6
75435959 45316995
78823493 54311491
33347876 55116857
12148851 50922353
7310909 6181174
40618052 98757953
18567729 82241504
38224481 83707583
73382881 91808353
87216179 26826401
24613279 78879917
20466109 19600096
25227593 40267724
95797841 55053776
2 1 2 1 1 1 
43259169
10 7
35420731 49242323
56088116 96266905
36267265 219543
80086239 14702300
14640394 3503097
18410186 52817265
47119429 17161831
22629921 63643861
33401661 81679320
73125854 55568876
23286290 98930065
43162206 23208641
26244973 87622139
4296321 27687767
4410466 16740466
73433287 12652459
36131881 11329549
2 1 2 1 1 2 1 
43223850
10 7
15211441 49987377
27204381 77360661
61967917 22110598
71200949 92471519
44608121 28499997
44898041 73210774
54471923 33336010
21383899 43923253
11860301 24427251
88435233 6393792
73570113 52674339
51917489 59165513
90381590 91620713
67321201 10523191
11016371 67436286
21094449 85500717
24227361 81130257
1 2 1 1 2 2 1 
43852964
5 3
27194866 79959889
89723393 45489220
18091585 81185873
27023391 56065121
75072713 38738215
84754705 10095637
20049478 79959521
10944241 72195040
2 1 2 
40362271
6 5
9385761 56965338
53759573 28517329
28077325 96253101
86752157 72060275
12483281 36899081
3306001 36326433
29664765 83877801
29283021 15151571
10830455 56732397
16817851 24496
51485497 81221840
1 1 2 1 1 
44428225
9 7
50414962 27965360
65611377 73152709
83472425 17863425
67849949 22398246
17513955 94111729
14085671 7330109
52137178 46457767
71846445 50121027
91252250 76618167
4139626 21900961
24902492 74060369
58114376 10903917
95192811 69602641
74835125 74603462
51231641 81171378
98831325 33675115
1 1 1 1 2 1 2 
42258245
9 8
57806386 60567041
56080850 12238837
76167649 92303579
64486939 76832567
57277711 68154659
97108716 89358057
95137398 24962265
24542721 70637785
76191873 49551432
39269771 51922583
38102501 68888945
37501285 44607361
35087681 59703337
63248033 34123129
84102955 86608239
91833113 51300598
81304321 43073806
2 1 1 1 1 1 1 1 
43333061
10 6
31853329 21016181
47442529 52385183
26831365 67918995
75350669 47361697
17829043 5144403
41328188 62270175
39938857 73678752
6314814 69152225
35271607 50113860
72930249 8908937
77416185 53666751
62125912 15897077
26380557 22962251
25304671 91489017
38743546 42079812
59174423 86358876
2 3 1 1 2 1 
44691421
7 5
24310273 53612381
27267937 70140539
41964415 99004601
22528770 42949063
29942073 9261703
61729453 62927469
27606343 94920833
13456041 31191441
24435958 42752381
6212635 44153355
68426841 91855521
40327007 32650523
1 1 1 3 1 
43885810
5 3
60843201 40640493
10036633 12278321
63749177 64448351
33285206 43646402
66815776 34055898
4139569 8178691
79155418 51594119
45132481 15942641
1 1 3 
40408571
6 5
67122591 12704385
73175554 86369681
70827631 95828046
80498413 32222295
69615853 71997847
52364489 414301
99333781 88311601
97471209 50505633
68008144 71979459
78029025 6577948
22812532 4860017
2 1 1 1 1 
36022594
9 5
75945431 90032713
15605470 10530581
29996197 14957717
54510161 41165305
44496481 97343071
70697905 30726233
25667816 99215285
47497087 35775831
68742329 11061086
26765001 14180632
19488613 20885261
99733066 79080117
75050417 44754616
23267051 87326173
2 1 1 3 2 
42327285
