50
8 11
2 3 4 7 55 61 84 96 
14 370
1 2 3 4 6 8 11 12 15 25 38 44 46 57 
11 106
1 3 7 14 17 18 37 54 58 65 98 
11 343
1 2 4 6 7 16 38 41 57 69 97 
11 52
1 2 4 5 16 27 36 45 53 60 99 
11 25
2 3 6 12 13 21 52 61 81 88 93 
12 357
1 2 3 4 5 6 9 13 23 51 73 81 
9 33
1 3 6 8 11 17 42 54 70 
14 344
2 4 6 9 14 24 27 31 32 56 68 69 86 96 
11 500
1 2 3 6 7 10 14 42 45 83 98 
19 184
1 2 3 4 6 11 29 30 32 42 59 80 81 82 87 95 97 98 100 
11 170
1 4 5 7 14 34 35 39 69 80 83 
16 173
1 2 3 4 5 10 18 26 30 50 61 80 83 84 95 99 
14 494
1 2 3 7 13 33 36 46 64 67 75 90 96 100 
12 359
1 2 4 5 14 15 22 30 47 60 74 77 
7 15
1 2 5 8 46 63 73 
18 286
2 3 4 5 7 21 22 24 38 46 52 54 57 75 85 90 92 94 
8 23
1 4 6 7 14 65 70 94 
15 141
1 2 4 9 10 11 19 20 21 24 32 66 68 70 95 
6 40
1 2 4 5 18 57 
14 156
1 2 3 4 15 16 26 44 45 58 61 62 66 96 
14 53
1 2 3 8 17 22 31 39 49 60 64 82 85 97 
10 10
2 3 6 8 21 22 35 42 51 91 
11 486
1 2 3 6 13 15 27 42 68 84 92 
5 8
1 3 4 5 97 
11 486
1 2 3 5 6 13 17 29 37 67 98 
9 50
2 3 4 5 8 25 39 85 95 
12 315
2 3 4 6 8 20 22 24 25 33 56 83 
14 205
2 3 6 10 15 19 20 24 35 46 58 63 84 90 
15 199
1 2 4 9 17 25 31 33 40 52 56 65 66 95 97 
13 495
1 2 3 4 5 13 17 26 33 71 72 79 95 
11 205
1 3 4 6 12 29 34 36 50 85 97 
11 451
1 2 4 8 25 35 46 81 88 91 100 
12 82
2 3 4 5 6 7 26 27 59 70 74 91 
15 172
1 2 4 8 17 18 34 39 40 42 53 57 58 83 92 
16 61
1 4 6 9 10 12 19 21 27 46 55 65 76 81 86 90 
11 171
1 3 7 9 12 22 24 28 30 51 95 
13 500
1 2 3 5 6 8 10 31 48 55 75 81 84 
11 25
1 2 5 9 13 14 18 29 84 86 99 
12 167
1 2 4 5 6 10 40 55 66 68 82 94 
14 166
3 4 11 23 24 25 26 30 52 53 70 80 93 94 
11 279
1 2 3 4 5 6 7 11 28 73 97 
15 352
2 3 5 6 16 18 29 30 36 45 52 63 85 89 95 
11 379
1 2 3 4 7 8 11 15 43 65 88 
13 20
3 4 6 14 16 17 29 40 44 52 56 58 61 
16 211
1 3 5 6 7 8 11 17 22 34 36 40 45 61 66 68 
9 50
1 2 3 4 15 31 44 50 62 
11 351
1 2 3 5 6 16 29 49 67 81 98 
16 468
1 2 3 5 6 8 13 14 30 34 36 53 75 78 82 95 
7 11
2 3 4 6 11 74 92 
