50
89 98 234
9 72 375
14 93 144
82 99 456
45 54 133
6 94 68
62 48 313
2 22 281
84 91 467
54 24 245
80 4 89
26 22 176
46 89 172
82 67 245
28 97 214
25 80 53
43 50 276
98 29 426
41 92 497
73 96 346
88 99 260
83 16 109
38 16 174
17 100 482
89 33 142
1 99 2
68 16 70
60 25 346
55 20 442
3 30 131
98 31 177
92 51 407
98 27 167
70 81 160
48 4 283
76 38 210
64 11 214
38 72 188
64 50 155
27 99 141
54 34 192
46 48 489
26 35 433
39 81 220
82 42 122
43 17 493
72 78 91
98 14 123
44 72 400
35 51 390
