50
72 78 91
3 30 131
68 16 70
1 99 2
43 17 493
70 81 160
54 34 192
38 16 174
98 31 177
46 48 489
54 24 245
26 22 176
82 67 245
98 14 123
80 4 89
2 22 281
26 35 433
98 29 426
14 93 144
82 99 456
9 72 375
82 42 122
38 72 188
55 20 442
39 81 220
98 27 167
6 94 68
64 11 214
28 97 214
48 4 283
62 48 313
92 51 407
89 98 234
45 54 133
35 51 390
27 99 141
43 50 276
17 100 482
25 80 53
41 92 497
46 89 172
84 91 467
89 33 142
60 25 346
64 50 155
76 38 210
44 72 400
73 96 346
88 99 260
83 16 109
