50
64 11 214
82 99 456
76 38 210
28 97 214
45 54 133
83 16 109
82 67 245
82 42 122
35 51 390
27 99 141
70 81 160
64 50 155
44 72 400
9 72 375
39 81 220
26 35 433
84 91 467
6 94 68
46 48 489
38 72 188
55 20 442
72 78 91
54 24 245
88 99 260
46 89 172
1 99 2
60 25 346
17 100 482
98 31 177
62 48 313
41 92 497
89 33 142
92 51 407
14 93 144
68 16 70
80 4 89
25 80 53
43 50 276
2 22 281
73 96 346
38 16 174
98 27 167
54 34 192
89 98 234
26 22 176
98 29 426
98 14 123
48 4 283
43 17 493
3 30 131
