50
43 17 493
98 31 177
64 50 155
41 92 497
44 72 400
89 33 142
82 99 456
26 35 433
1 99 2
55 20 442
89 98 234
45 54 133
72 78 91
98 27 167
43 50 276
25 80 53
14 93 144
6 94 68
38 72 188
73 96 346
35 51 390
39 81 220
27 99 141
54 24 245
48 4 283
83 16 109
54 34 192
26 22 176
3 30 131
88 99 260
82 67 245
84 91 467
38 16 174
80 4 89
62 48 313
82 42 122
70 81 160
9 72 375
17 100 482
64 11 214
76 38 210
92 51 407
28 97 214
98 14 123
68 16 70
2 22 281
60 25 346
98 29 426
46 89 172
46 48 489
