2133096
34
46
143718
511409748
34
148983
125839
134814
2046362
130350
28
119728
1925664
155703
105070
39
55
513837362
2022201
68
111065
2153429
136049
2398051
99333
50
119884
2405296
514045652
515409287
1259968
105403
2153973
1589757
108259
63
150947
91731
2250738
53
513008202
46
2103737
64
514087358
169880
120422
65
127597
1922694
1718793
516437778
58
57
514108217
1481290
514212572
515093102
108923
516736412
513608705
46
2215574
46
2324856
514358837
85282
511613318
1599909
64
2196874
162988
144652
514202132
512915322
1636884
1644432
1961327
1306894
515588858
83
54
2133886
511776462
512832830
1865040
514170818
143915
31
514149947
132658
514599555
72
514977393
59
81
513049508
46
515588858
