55
105070
31
105403
1636884
34
72
513049508
64
2196874
120422
54
514170818
53
57
58
46
514358837
46
39
2133096
514149947
516437778
81
143718
515093102
46
46
2153973
1865040
155703
1589757
85282
514977393
150947
143915
111065
162988
83
515588858
2405296
64
34
2250738
512915322
50
119884
513837362
1644432
99333
1922694
2046362
148983
134814
511409748
515409287
132658
513608705
2103737
514087358
136049
513008202
127597
91731
2153429
65
2215574
28
46
2398051
2022201
1481290
144652
514202132
125839
514045652
1259968
1306894
516736412
1961327
514108217
68
119728
108259
2133886
514212572
108923
169880
511776462
514599555
2324856
511613318
63
512832830
1925664
130350
1718793
59
1599909
515588858
