54
1922694
143915
2324856
46
2398051
1481290
64
64
513008202
1961327
31
514170818
91731
59
512915322
1644432
515409287
46
68
46
155703
1636884
511409748
108259
108923
513608705
2103737
55
127597
1925664
516736412
511776462
83
150947
1718793
57
136049
514599555
39
162988
1259968
2153429
99333
105403
2196874
2215574
148983
134814
143718
46
130350
119884
125839
120422
515588858
53
514149947
81
1589757
1865040
132658
58
119728
50
34
2133886
111065
2405296
28
2022201
1306894
2250738
514045652
515093102
2046362
514212572
2133096
105070
1599909
63
72
46
2153973
515588858
512832830
34
144652
513837362
169880
514977393
514108217
516437778
514358837
511613318
513049508
85282
514087358
65
514202132
