20
130 11
856 9885 1
2138 5048 7
7787 9803 4
1577 9494 1
703 6931 11
5833 7378 4
8480 9768 10
4013 7129 6
3863 9897 5
7964 8275 11
3139 4367 2
3367 9106 9
5537 9565 11
104 8530 6
3200 6708 9
3348 5796 11
1825 7516 5
2360 7331 8
0 3875 10
844 3559 4
2318 5777 3
1435 7723 6
580 3300 6
8731 9112 9
409 7143 5
6442 9834 10
4238 7090 2
6378 6955 3
1014 5526 7
2995 8205 2
2604 4775 9
2882 6091 3
2383 4748 3
2103 5350 4
354 3081 5
1623 6253 3
8447 9937 6
3824 5521 8
686 6914 9
6652 8286 6
6446 8557 11
3466 4315 1
314 8144 8
5757 7267 10
2185 5617 6
3043 5343 1
3422 5880 4
1504 6243 8
2670 4053 2
2929 6193 9
9016 9303 10
5848 7528 9
321 2993 11
8598 9542 2
6030 6603 7
2621 8946 11
3493 4337 11
775 2344 8
8081 9619 9
3873 9237 5
1273 8369 10
3722 4097 9
5650 7008 3
150 8294 7
232 9430 6
4929 8223 8
3913 7484 3
7070 8808 1
5781 8296 6
484 2877 5
3654 6356 9
6785 8243 7
6777 7136 5
1664 1733 10
3534 6960 5
5386 6896 3
3834 5923 3
3828 5069 8
123 1111 5
1553 6880 3
4500 7571 5
2434 7900 1
5405 6829 10
4765 6163 6
5634 7379 9
2396 5517 9
4193 5134 2
1609 7521 3
7643 9346 2
3658 6952 10
8586 8755 4
3684 5149 9
1963 8824 9
7783 9825 5
1696 4204 6
5319 9134 2
4934 7042 11
3045 9049 8
179 3870 2
1610 3465 3
1559 2272 3
3526 9825 5
5876 9272 6
2394 8008 11
6391 6987 7
68 4575 8
820 1867 5
6559 9901 2
7312 9219 8
175 7660 10
1608 7415 3
3126 4967 1
3368 5979 10
3348 5802 1
5125 9271 4
4905 5754 7
3282 8164 1
4845 5986 11
2001 3480 9
625 5212 1
6916 6978 9
562 6040 4
2987 3166 3
3271 6592 1
4228 4877 2
40 4853 6
5272 8976 3
856 6485 4
3196 6091 4
7145 8041 2
465 1
226 2913 1
201 6590 1
2382 2627 1
1431 8073 1
2093 6578 1
2768 5342 1
2027 3096 1
548 4596 1
8779 9948 1
1125 1433 1
2230 5054 1
1314 9142 1
8226 9164 1
3093 6565 1
559 3102 1
630 3900 1
6115 7155 1
2556 5382 1
1444 2974 1
1783 8176 1
5552 7553 1
5563 9330 1
1851 7495 1
46 8642 1
869 5027 1
1985 2713 1
4651 5538 1
2337 8684 1
552 7152 1
2936 7997 1
2007 7358 1
334 9839 1
2521 7221 1
4569 6995 1
3317 6625 1
8903 9245 1
2890 7639 1
3591 6239 1
530 5797 1
5665 8771 1
4352 6037 1
1435 9393 1
1670 5843 1
2512 3529 1
276 6486 1
6028 7103 1
457 6636 1
4471 9239 1
2047 4969 1
804 5967 1
1425 4867 1
2327 8883 1
1168 4275 1
3750 7413 1
79 6297 1
5069 5533 1
2701 5352 1
2658 7774 1
405 4126 1
9193 9891 1
916 8411 1
8053 9524 1
1454 9789 1
2266 6181 1
2020 8552 1
3805 7979 1
2222 8752 1
4330 9580 1
4617 7733 1
621 5405 1
4081 9248 1
6724 9263 1
2615 4141 1
623 6671 1
7178 9502 1
8470 8906 1
3066 4014 1
4173 7318 1
3767 4796 1
4210 6688 1
911 5038 1
270 2106 1
346 6257 1
4760 6278 1
564 1825 1
4485 5137 1
4551 5233 1
2607 8973 1
195 8815 1
1763 2429 1
9468 9598 1
2100 8839 1
1895 6354 1
5608 8185 1
1235 8329 1
3799 6556 1
3415 6749 1
3398 7326 1
2176 2809 1
5935 7196 1
6057 6575 1
752 6807 1
2622 3607 1
5074 6395 1
4052 8131 1
1093 6198 1
5046 9627 1
2466 8117 1
4948 7911 1
1011 1178 1
2461 4031 1
2889 9165 1
4018 7366 1
6357 9378 1
785 4452 1
3253 3626 1
756 8673 1
4079 8541 1
2317 3920 1
4611 9316 1
1860 8887 1
1534 7663 1
7293 9290 1
3543 8862 1
5676 6120 1
6557 9605 1
8280 8636 1
8768 9789 1
3104 5163 1
563 7763 1
1400 6707 1
3155 3777 1
4338 6737 1
2093 4197 1
1028 1449 1
9840 9905 1
5668 6084 1
2754 9670 1
1715 3215 1
4554 9558 1
8553 9689 1
4023 7367 1
129 7039 1
7091 7461 1
2493 8150 1
6168 9579 1
2415 3394 1
2186 5731 1
5731 9920 1
5453 7918 1
1172 4213 1
4320 7863 1
5210 6448 1
1146 6791 1
5041 8544 1
2082 7148 1
1536 5372 1
1102 2087 1
407 9062 1
5831 7382 1
4665 7832 1
1237 3569 1
5069 5789 1
6404 7151 1
2786 9864 1
5048 7758 1
2081 7259 1
7348 9920 1
6683 8152 1
3382 6033 1
3278 5347 1
2743 8772 1
1370 3353 1
340 3729 1
73 5580 1
9042 9825 1
1531 6862 1
438 6997 1
6223 6519 1
670 3101 1
632 4857 1
9563 9908 1
8 3267 1
603 2923 1
1486 8285 1
3144 7246 1
2843 8895 1
1682 8688 1
5812 9556 1
491 8038 1
6949 7107 1
7013 9631 1
2064 6248 1
7389 9276 1
5888 9084 1
746 916 1
2141 7461 1
6876 9728 1
4004 8195 1
3220 8897 1
817 4103 1
4056 7978 1
965 9466 1
849 7477 1
325 1127 1
1089 7010 1
1612 3924 1
3699 3851 1
2685 9999 1
3126 7685 1
2592 4581 1
1448 8569 1
2845 5880 1
3879 6823 1
4407 4906 1
6904 9030 1
312 6280 1
4996 6896 1
1801 4731 1
5122 6316 1
2447 9328 1
1352 1567 1
5249 5363 1
5800 8050 1
6427 9670 1
1217 5016 1
284 9955 1
778 4353 1
6375 9065 1
1692 4614 1
1987 5391 1
1833 4519 1
2851 6549 1
1530 4746 1
2804 3281 1
4595 4793 1
4462 6392 1
1254 5893 1
1491 5208 1
534 2433 1
365 6116 1
2682 7072 1
5653 7479 1
803 9195 1
2506 9987 1
8813 9028 1
2830 7398 1
567 588 1
1709 5379 1
968 6372 1
6240 9311 1
3266 7473 1
2813 7082 1
5559 5601 1
4545 8616 1
3246 6775 1
5598 7118 1
3677 3936 1
4595 8112 1
4308 7412 1
8994 9891 1
2604 6292 1
675 1905 1
2667 8671 1
2195 2510 1
6635 9384 1
7672 9017 1
5836 8923 1
1743 8242 1
2337 6576 1
1732 6778 1
1163 5672 1
1935 2625 1
6883 7125 1
4044 8180 1
3101 5818 1
1315 2539 1
1311 7569 1
5694 9741 1
75 231 1
1007 3509 1
4399 7655 1
636 9477 1
1991 6310 1
9224 9366 1
1959 4020 1
4140 5046 1
1982 4948 1
2082 3674 1
256 2457 1
3817 4899 1
5462 5925 1
6302 9174 1
5767 9378 1
3541 6278 1
3460 7554 1
876 1340 1
244 3684 1
2360 7452 1
1418 7149 1
148 6035 1
6862 8253 1
2000 6092 1
3722 3997 1
5103 6948 1
356 2436 1
6821 8171 1
1876 3899 1
3670 8462 1
861 8628 1
1876 2245 1
3693 6008 1
6729 7029 1
1697 2171 1
645 2204 1
666 9923 1
4791 7251 1
7064 8748 1
5876 9617 1
4308 7625 1
2877 6640 1
2476 6466 1
580 7366 1
5866 7553 1
3337 3917 1
171 7771 1
1141 2908 1
4943 6363 1
1559 6572 1
3396 4343 1
2697 3920 1
2152 6845 1
7300 7391 1
204 6597 1
4871 8529 1
4881 7381 1
4806 6441 1
83 5804 1
4208 9738 1
2147 2853 1
1687 4150 1
2578 9058 1
1507 8411 1
2020 3599 1
8550 9429 1
4162 6972 1
1838 5515 1
3078 5268 1
1080 6212 1
7761 9182 1
4832 5590 1
668 3586 1
9115 9128 1
7022 8605 1
49 5617 1
363 4825 1
6849 9971 1
5127 5558 1
6578 7047 1
2105 5211 1
8995 9884 1
1113 9622 1
514 7860 1
3786 7530 1
1582 2573 1
4984 5264 1
1698 5595 1
1108 4576 1
1507 2513 1
1720 6486 1
400 5617 1
6212 7361 1
1397 6808 1
7118 7219 1
2142 2358 1
4783 9184 1
3558 9052 1
102 4293 1
3973 9060 1
6223 9018 1
7171 9343 1
887 9577 1
783 2163 1
1047 1491 1
1705 5330 1
9477 9972 1
5439 6690 1
5901 6275 1
5835 8170 1
4924 6852 1
4741 8446 1
5172 9720 1
263 2542 1
7838 8664 1
6114 9317 1
5767 7576 1
1864 8427 1
2183 7102 1
3964 8295 1
2592 7300 1
4700 9019 1
3042 9294 1
6783 7094 1
4851 4865 1
1907 8655 1
3437 4451 1
5039 9308 1
6926 9627 1
1577 4667 1
3280 4100 1
936 8423 1
2317 9914 1
5957 7124 1
4564 7835 1
1429 2918 1
9756 9880 1
442 7925 1
6946 7379 1
5659 9703 1
5374 7511 1
1538 8274 1
9671 9725 1
6217 6312 1
803 2535 1
4222 5797 1
6512 8398 1
6915 9808 1
7249 9203 1
4278 6362 1
5225 7952 1
3108 7564 1
4300 8629 1
4976 7081 1
6179 8039 1
5940 6151 1
5112 7511 1
1266 3532 1
2579 7503 1
8480 9027 1
2069 3269 1
2669 3577 1
2274 4061 1
1350 2056 1
2300 9875 1
4452 7403 1
5926 6234 1
1917 9857 1
709 2949 1
1606 4751 1
905 9635 1
3739 8355 1
1318 4374 1
796 3854 1
5419 9037 1
4850 8991 1
4833 7035 1
630 5072 1
546 2754 1
1894 7679 1
407 4132 1
877 9662 1
4966 5939 1
5750 7372 1
2062 4064 1
3063 3800 1
156 13
2926 3262 1
1781 6908 6
1537 6448 6
5810 6426 10
8052 9617 9
38 2607 3
2860 6431 2
2830 7155 10
7124 7921 10
192 3233 13
4905 9618 6
5321 7166 10
287 7092 8
4046 8943 9
4448 8784 5
4700 6821 4
1374 2452 13
6523 8554 9
2374 9731 5
1347 4774 2
2980 8842 10
2435 6411 11
3518 9969 10
2559 4240 1
1586 6802 1
5913 9203 4
181 9234 9
621 8323 10
2793 7775 11
2334 7152 13
2185 4339 6
1043 1655 3
5616 7572 10
6220 7373 7
1050 2883 1
3121 9821 10
6486 6749 5
7843 7953 2
2920 4819 13
4294 8135 3
4195 7438 4
5863 6207 7
3625 8284 10
4729 6222 10
3273 6170 11
4473 7462 5
4924 8482 10
3314 9190 3
4021 9604 5
1050 2065 9
744 9909 9
3084 7645 6
6226 9515 12
848 4204 13
5747 7461 2
3332 9966 6
4533 5788 8
5620 7061 2
1285 3003 2
2323 5178 8
6151 9014 10
5052 8983 12
2504 3827 13
8066 9895 4
7807 9338 2
168 1263 5
3670 9836 8
7677 9917 13
3148 8654 10
2964 5670 5
1817 8284 4
3684 7136 13
5347 8521 1
6636 7154 7
7701 9102 10
262 9475 2
5612 7486 11
1922 4807 10
3060 3978 13
3463 4532 12
1725 1801 12
3268 3703 5
3403 3587 8
3205 4853 6
3594 9827 6
1001 8791 1
714 9889 10
767 3292 2
225 8320 9
5117 7870 13
1164 2924 4
5605 9652 6
3842 4049 3
3001 8261 1
5130 7726 9
8610 9598 8
3569 6423 9
511 3454 13
2393 6637 5
5570 7522 10
2838 9540 5
384 3623 10
2596 7493 7
1519 5619 3
1046 9207 12
1422 6262 2
1081 8904 1
3396 9335 12
944 3057 4
5600 5614 11
5977 6637 12
5967 9290 12
8459 8925 13
2459 4264 5
4829 8812 5
610 6536 12
873 6702 1
4248 8671 12
19 6523 11
4254 4839 5
5119 7567 4
2059 4130 1
3543 5498 9
5496 6440 1
2849 8807 9
4994 7838 13
2249 3052 3
536 9977 8
5235 8473 13
2309 8113 7
3897 5718 9
1244 3699 11
5392 6642 12
5738 7834 7
3694 6394 7
2637 3099 1
4823 7470 3
949 8172 7
3154 6030 4
4481 4922 13
1241 4050 3
1990 2909 1
206 9709 2
1877 7481 4
535 8439 8
1906 5274 3
516 6125 11
3925 7549 8
578 824 5
2142 8138 3
1556 4672 9
8493 8991 10
4076 9690 6
5975 6510 5
4760 7246 5
3324 8924 6
399 1
1932 5419 1
5229 7711 1
763 6628 1
3046 9626 1
3555 6732 1
2555 9915 1
109 1742 1
6291 8889 1
370 9649 1
4248 7557 1
1829 6375 1
6 3812 1
1174 8859 1
5704 8489 1
674 9759 1
2912 4934 1
4798 8723 1
9491 9625 1
2625 5099 1
1383 7237 1
1354 6904 1
3112 6172 1
3097 9129 1
7053 9044 1
7996 9129 1
6075 7283 1
2443 3443 1
5090 7124 1
6121 9252 1
2745 4790 1
7751 8162 1
5130 5673 1
9253 9689 1
1293 3497 1
1701 3440 1
2141 5990 1
5657 7925 1
280 2912 1
4921 9601 1
3513 4148 1
9070 9181 1
46 2924 1
7721 8720 1
241 2590 1
3532 8839 1
2486 8950 1
3819 3841 1
3037 5641 1
721 8212 1
8248 9484 1
246 3762 1
2147 9044 1
6170 6283 1
1077 2894 1
1213 4368 1
1233 4767 1
1645 9517 1
1281 3553 1
4013 5161 1
3312 5560 1
3686 4797 1
96 1481 1
5441 9654 1
2832 4656 1
5712 6683 1
4123 8424 1
2274 2498 1
4009 8572 1
1537 4454 1
3142 4504 1
5687 6540 1
2272 3046 1
7609 9304 1
4882 6096 1
3458 5028 1
994 5470 1
459 1588 1
2700 6518 1
2327 5153 1
1417 9967 1
426 7369 1
624 6339 1
5707 7721 1
824 9790 1
1185 5188 1
3794 7440 1
4113 7071 1
4127 6305 1
2737 9576 1
3872 5151 1
5508 7130 1
5558 8759 1
2953 5082 1
6423 9508 1
3695 4305 1
4001 8187 1
3208 4978 1
7966 8545 1
9002 9423 1
6507 9718 1
1395 7087 1
6977 8186 1
7510 8065 1
2882 5847 1
981 4724 1
2134 9520 1
3693 5067 1
6408 8015 1
5361 7064 1
2322 5127 1
7137 8875 1
5371 7936 1
5803 9118 1
2691 2723 1
5898 8324 1
1578 4605 1
2132 3712 1
5800 7934 1
1393 2218 1
535 959 1
3798 4335 1
3912 4772 1
6137 7131 1
959 4346 1
211 8053 1
3603 8776 1
7429 9607 1
8393 8799 1
5000 8933 1
5915 6128 1
5053 8633 1
5270 8006 1
724 8271 1
5702 6055 1
500 3073 1
2840 9956 1
2335 8228 1
5071 6825 1
574 2073 1
3751 5947 1
3850 7633 1
2221 6205 1
295 3442 1
3674 7163 1
2010 5689 1
2546 4539 1
602 5997 1
384 2466 1
5523 5597 1
6663 7446 1
2849 9429 1
1027 1945 1
1045 6640 1
938 2916 1
375 6596 1
1135 1357 1
3393 5436 1
7046 7377 1
3216 7192 1
7118 7627 1
2488 4249 1
5681 6970 1
8410 9875 1
1190 2701 1
685 4341 1
4031 9396 1
3115 5645 1
482 2900 1
685 9042 1
7728 8071 1
9448 9966 1
2412 2945 1
43 966 1
2052 8714 1
3683 8627 1
972 6983 1
324 5787 1
4794 5647 1
3745 9813 1
2388 5863 1
258 2363 1
5324 8541 1
4016 6111 1
513 7500 1
3425 4235 1
4379 5193 1
3186 6020 1
9174 9828 1
592 2067 1
3877 6278 1
5840 9055 1
7740 9479 1
126 6892 1
8975 9746 1
4919 7373 1
2053 7541 1
2248 5438 1
5768 7650 1
5099 9262 1
1441 9942 1
4849 9849 1
4724 7735 1
2147 2520 1
2753 5194 1
304 3362 1
5329 5746 1
6215 9524 1
1338 6136 1
1251 8464 1
4002 5504 1
57 807 1
1366 7843 1
3444 9126 1
995 8793 1
31 209 1
4195 8696 1
258 2063 1
3407 4183 1
4167 5676 1
459 1402 1
521 1503 1
6762 9398 1
2827 3946 1
3398 6043 1
1402 5661 1
8008 9052 1
4338 5198 1
4338 8135 1
5014 9087 1
8121 9572 1
7216 7257 1
2630 8727 1
109 660 1
4126 5975 1
3291 5317 1
3108 6452 1
1862 3162 1
3015 4863 1
6198 7015 1
726 6951 1
1334 6924 1
1783 9690 1
1040 1875 1
478 5870 1
2573 7809 1
5721 8301 1
2555 3600 1
3274 5624 1
2201 6161 1
7755 7790 1
2330 5586 1
4127 4934 1
1696 2389 1
5435 7608 1
4343 9645 1
802 1691 1
1940 2972 1
1314 5670 1
4161 8029 1
2567 7864 1
2625 9283 1
2116 9932 1
42 3819 1
7317 9288 1
643 5665 1
1218 8094 1
1919 4972 1
0 8684 1
2293 6458 1
5414 5945 1
5330 6773 1
2282 7527 1
7796 8318 1
4431 9149 1
1811 4060 1
433 5458 1
4444 7234 1
7043 9248 1
4910 6557 1
2294 8254 1
526 8329 1
4939 5748 1
842 7134 1
1239 2559 1
2801 8149 1
7636 8063 1
5661 8646 1
2957 4033 1
6245 7304 1
2275 5619 1
6817 7573 1
966 7970 1
3373 5037 1
175 5575 1
3884 3886 1
4706 4893 1
1322 6709 1
6324 8166 1
952 9921 1
2323 3452 1
2382 4269 1
6782 8327 1
7683 9640 1
2803 9481 1
9406 9450 1
3078 8869 1
5813 8520 1
700 4726 1
753 5158 1
995 6663 1
268 5014 1
1196 7175 1
1611 6306 1
352 5389 1
4186 4792 1
6964 9247 1
3222 9494 1
251 9367 1
2034 3206 1
2319 7951 1
5086 6292 1
1250 9319 1
4055 8395 1
5904 9324 1
164 8264 1
1795 2379 1
409 8157 1
399 1269 1
3998 9861 1
5645 9163 1
6483 9986 1
653 9372 1
1318 5443 1
5126 9271 1
1674 5993 1
1524 9939 1
6729 8119 1
1241 6407 1
6841 9891 1
1757 5402 1
810 8890 1
950 9679 1
4267 5069 1
989 3547 1
5710 9585 1
822 9366 1
4242 5914 1
4066 6298 1
7154 9239 1
4407 6758 1
9394 9873 1
5624 6677 1
7702 9775 1
1867 9699 1
4009 7242 1
8567 9042 1
4532 5329 1
51 5774 1
849 9988 1
205 5698 1
4381 6981 1
609 8912 1
4347 4967 1
1939 4572 1
1696 9983 1
1504 2254 1
5348 9160 1
2892 3408 1
1783 8122 1
7264 9042 1
8699 9185 1
5098 9207 1
8858 9248 1
1827 9765 1
5356 6049 1
2641 7675 1
2495 5266 1
6470 7309 1
4601 7836 1
3812 6755 1
82 6013 1
0 1590 1
2673 9764 1
2318 8232 1
5306 8139 1
2516 10000 1
4017 5986 1
1227 6107 1
1414 4560 1
1092 5508 1
3583 3617 1
3748 8905 1
3434 7022 1
1345 3950 1
6672 7340 1
8919 9913 1
4778 7809 1
607 3222 1
2074 8434 1
17 9
5808 9715 7
1753 9133 7
5921 8917 7
3012 6776 9
6547 9921 7
5501 6627 6
6302 8702 8
5779 5867 1
1183 1998 2
6506 8789 3
7291 7921 1
3435 6688 6
4321 9070 3
3836 6684 3
4541 4640 3
750 5089 7
941 8131 1
141 99
5205 7340 75
5180 6950 2
7086 9364 86
3373 4440 80
1179 3562 89
1142 5504 99
4448 9869 3
3366 6541 71
3188 5859 4
8375 9409 58
5371 6137 35
1060 7202 17
4256 8785 17
6272 8356 5
7950 8264 76
2506 6429 99
2409 7353 25
124 6967 77
1135 1570 94
3348 5012 52
3979 6041 27
2834 9562 31
337 1258 81
4490 9001 7
2981 7691 93
36 8807 48
717 7809 99
662 2760 31
5113 9133 88
3963 4873 17
3261 5474 48
7073 9487 90
3440 3745 57
156 7462 35
4060 9027 94
2431 3849 48
415 2198 55
6289 8560 17
103 7055 54
72 7872 59
7323 8175 35
8834 9219 24
8927 9921 87
2704 3906 93
223 5411 83
1144 7288 27
4193 6582 85
4504 8328 96
4621 6368 86
300 6677 11
3312 4161 10
1029 1892 50
5627 5796 54
833 8176 32
930 9964 82
156 3062 65
2889 8179 66
9232 9481 30
4835 9052 54
6942 8250 9
2407 4841 64
1493 1689 10
5342 8494 76
1499 6134 51
8056 8907 66
950 5350 14
852 3889 1
5365 6773 24
4100 5367 18
7661 9423 59
2457 4414 8
309 8409 41
340 1355 54
751 4710 99
5139 9042 31
1349 1571 23
6044 8860 1
3479 8202 70
5570 9124 37
3240 6851 41
5277 7320 79
836 5189 66
3498 4088 40
4018 8779 36
7356 7420 40
5479 9527 32
2204 6848 40
1473 2344 29
6549 9856 90
949 1560 5
3182 9193 15
3650 9197 67
4091 6702 55
2264 3469 77
4841 5798 91
2853 9758 45
262 4511 21
4384 5354 41
89 3025 17
1241 7942 10
89 1246 98
7849 8683 66
2740 7295 39
204 3281 25
4757 7642 75
6131 6850 79
1550 8685 50
4081 7599 88
1911 9508 74
677 710 4
2763 5910 62
7965 9331 65
4114 5567 93
1257 3972 99
520 3349 9
913 8309 51
2921 3138 51
4073 5846 2
259 2171 14
5685 9994 25
4235 6883 7
1290 5182 72
1244 4920 22
2244 9443 87
3557 6059 68
1943 3295 65
805 1640 59
3018 3755 69
2234 9005 84
5099 5376 30
7206 7890 79
1367 3220 91
3944 7727 14
894 2923 36
42 5117 95
651 9108 53
3338 9208 63
1802 4102 67
581 2336 44
3664 6014 58
5007 5356 7
217 9
4339 5028 7
3746 9140 2
1903 4043 6
6779 8427 3
5819 9433 2
4244 6363 3
5121 5704 3
989 1066 9
4485 6892 7
4360 5286 8
3185 4683 6
7446 8040 4
1193 3614 1
2008 9771 1
2628 8682 3
1601 5356 1
7414 8082 1
3424 8746 7
2759 6192 6
571 8489 4
1137 3280 4
2439 7268 2
6580 7160 5
1006 3567 2
4365 7207 9
1720 5372 8
4944 8525 9
5807 9884 2
7154 9750 2
1727 2266 6
4966 6083 9
1473 2673 4
2692 9790 5
4477 4996 9
1890 9158 9
741 3368 2
4448 7371 4
4110 9083 4
224 3878 4
2507 6159 2
3246 7496 3
4564 7801 2
6685 7465 2
5556 9184 6
8227 8817 4
1583 3977 2
5702 7293 1
3611 5102 7
76 8583 4
1164 9997 3
9220 9924 4
3996 4923 9
5480 9159 4
5692 7098 1
3764 6515 1
1154 9314 9
889 7073 1
4278 4308 8
3403 9389 7
1176 3609 7
9793 9864 7
3684 9977 7
517 6756 3
797 7300 6
7418 7485 6
8731 8836 3
5723 7597 6
4439 6612 3
819 5350 3
2492 4147 6
6844 9880 9
170 2546 3
885 2662 1
76 6205 8
4909 6151 5
3301 7315 5
631 2767 7
3151 8823 1
5306 7284 3
787 8170 1
1278 4521 6
2009 7117 1
1724 5132 3
4107 4984 3
2658 9198 4
3385 7227 1
1070 9340 6
3014 4624 5
7123 9313 6
135 6224 9
4534 6212 2
1922 2941 1
1169 1701 2
4102 6827 3
4178 7522 1
2834 5158 2
676 2489 7
5835 7624 4
121 2221 1
1545 7498 5
1089 2086 9
6080 6984 6
405 6881 9
4140 7169 1
1018 1387 8
3876 8354 8
2211 4512 6
7504 8538 1
6284 9631 2
4600 4932 1
2696 9442 2
452 8586 8
7499 9863 2
1198 4785 7
1735 1968 1
7011 9425 1
1619 8232 4
4200 9169 4
349 8707 7
7306 8961 9
1024 8950 5
2089 5268 9
5611 5887 8
1628 2806 4
1337 6597 1
250 3432 1
1331 9342 4
5050 5655 3
1356 9973 4
2602 4149 3
6436 9978 6
398 2508 9
6484 7220 7
5838 7238 9
3490 3973 7
544 4600 6
7340 7485 6
6524 7967 5
1717 8670 4
1688 5246 6
2394 7915 6
633 2105 1
1782 5621 6
2768 4930 6
7731 9007 6
2717 8569 4
7382 9457 4
5476 9761 7
2402 4233 7
726 6752 9
5976 9767 9
7365 7618 4
3634 8080 1
2094 2487 3
3148 6405 5
2830 5093 7
6432 6497 6
6057 9380 6
2466 6262 5
969 4200 4
6428 7049 2
1861 3241 4
984 5360 8
5552 8301 5
3818 8205 5
2660 9921 1
2382 8259 1
4461 8800 8
1408 9665 8
5137 5293 9
1337 1633 6
637 8121 1
6804 8235 1
2364 9713 6
3916 6684 4
2418 3619 9
8563 9609 6
4396 7429 1
3219 8106 9
2175 4242 8
3060 8448 9
1338 6239 1
431 8328 1
2895 9381 7
5644 9785 5
4500 5148 6
3076 9502 5
9062 9415 2
4451 8121 3
4555 7613 3
2297 8926 8
9362 9716 7
829 4353 2
388 4465 2
5653 9995 8
3964 9687 1
1031 8254 1
8587 9678 1
676 1104 5
1376 6056 3
3920 9596 1
5240 6286 2
5736 7055 5
4442 6786 4
4646 8001 1
4126 9028 9
278 4807 4
8492 9715 3
1423 7463 4
1856 5631 4
9370 9972 3
7825 9232 5
7727 7786 9
877 8739 4
4858 5546 7
564 2542 1
3119 5908 8
25 12
4377 9522 7
2810 6034 8
310 8057 1
740 9540 7
3280 8696 2
3354 5905 12
871 5385 7
878 7765 9
7838 8953 3
7831 8095 2
7025 9409 10
4432 6512 5
6214 7380 3
7829 8247 7
3540 3982 8
3999 8884 3
7846 8933 3
2700 6536 11
1420 9193 5
3460 3757 1
82 3625 7
398 1739 6
887 4783 6
3918 4442 7
2967 9770 6
477 1
22 5555 1
8168 9039 1
1169 5974 1
7147 9577 1
657 5948 1
1182 9652 1
1009 1217 1
4980 7040 1
243 974 1
354 711 1
352 709 1
4317 4872 1
2294 8945 1
9453 9694 1
6406 9969 1
1249 8705 1
357 2951 1
1032 2701 1
7768 9920 1
1789 7059 1
3400 5196 1
1870 5134 1
5134 5834 1
1549 8701 1
7540 9748 1
4283 7744 1
3288 8395 1
4102 6811 1
790 2404 1
4616 9162 1
3028 7940 1
5061 6004 1
2382 7583 1
6702 8019 1
5799 7398 1
3174 5242 1
3667 9681 1
4381 9244 1
306 1967 1
1129 2124 1
4346 7820 1
3416 7072 1
8972 9498 1
2363 7170 1
4273 5304 1
5947 7819 1
289 3796 1
2728 8583 1
854 3694 1
3694 6670 1
7136 9999 1
584 1107 1
2335 5220 1
2347 5508 1
4490 5054 1
1216 6147 1
1457 9563 1
1479 9652 1
2809 7954 1
4065 5089 1
8834 9165 1
1757 4683 1
4868 5559 1
2522 6432 1
6139 9851 1
4283 8664 1
4366 7044 1
306 4549 1
6773 8290 1
747 5790 1
3396 4423 1
1402 7171 1
2679 4326 1
437 5447 1
2521 9450 1
886 1960 1
3860 9186 1
7444 9597 1
2895 5399 1
5205 5934 1
3699 7497 1
3753 7567 1
2186 8774 1
2302 7572 1
2530 4071 1
6570 8689 1
318 4232 1
8151 8390 1
3055 7727 1
4104 7361 1
4405 7136 1
9022 9482 1
1904 5965 1
1281 1593 1
6114 9345 1
2331 7489 1
524 1281 1
4638 8374 1
1249 4163 1
4307 5008 1
800 8748 1
1456 9031 1
1424 8436 1
4267 5340 1
7866 9042 1
3666 5642 1
1639 3897 1
1634 9273 1
965 6010 1
5392 7480 1
5491 8722 1
258 5725 1
2345 7584 1
2090 7469 1
4517 6719 1
2153 9321 1
2531 4866 1
656 3298 1
5989 8381 1
2336 2370 1
588 5692 1
4038 8042 1
7931 9332 1
2572 9183 1
631 2530 1
6875 8469 1
2722 4655 1
142 4828 1
4784 9910 1
8516 8635 1
4384 8910 1
5289 9734 1
776 1916 1
1373 5943 1
2947 6351 1
1458 4083 1
1938 6908 1
5865 8542 1
373 7177 1
4584 5708 1
795 9994 1
664 1909 1
2105 8862 1
1009 8242 1
1002 7041 1
4141 5267 1
4016 7832 1
2345 8165 1
3528 6846 1
719 3071 1
4904 6755 1
683 1233 1
2737 9058 1
3359 8916 1
716 8952 1
5241 8909 1
3418 7932 1
1086 7851 1
5459 9519 1
525 3120 1
7435 9249 1
5851 6439 1
1881 2374 1
2500 3794 1
3284 7156 1
412 8017 1
1579 4000 1
3930 9182 1
6177 6323 1
548 854 1
5320 7680 1
2781 8652 1
3985 7844 1
1142 4106 1
4674 6525 1
3604 4202 1
5891 9762 1
1498 3899 1
5196 7091 1
949 1746 1
1876 6894 1
1687 9926 1
3558 8023 1
888 2862 1
6551 9496 1
2051 5997 1
1044 8856 1
368 7690 1
3374 7870 1
2005 7766 1
2541 9228 1
2409 3207 1
509 3998 1
2175 3406 1
63 8609 1
1945 1985 1
6450 9139 1
4956 5229 1
7052 7647 1
4444 5628 1
2023 6866 1
1313 5520 1
249 5972 1
7130 9545 1
7030 7911 1
7055 7495 1
6238 6699 1
3909 6352 1
86 228 1
6049 8614 1
2371 5951 1
2050 8708 1
8047 8606 1
213 7755 1
8524 9925 1
4755 5756 1
1112 4791 1
262 756 1
3683 7650 1
6173 8697 1
6180 7395 1
6286 8793 1
5099 7034 1
6002 8731 1
2344 9805 1
4798 8250 1
9142 9240 1
1219 2637 1
3139 5177 1
634 8658 1
1834 2593 1
1536 7465 1
2173 9246 1
6708 7966 1
6806 9350 1
3411 9310 1
217 3701 1
7634 9868 1
6012 7957 1
9292 9398 1
5874 6364 1
4191 7369 1
5255 6588 1
8077 8443 1
2687 7753 1
1265 5593 1
5949 9167 1
3089 5732 1
2512 6830 1
5501 9051 1
2869 8756 1
3277 4051 1
708 6495 1
8436 9843 1
2194 9793 1
6638 7813 1
1825 1910 1
5807 8465 1
1356 2290 1
2109 7673 1
6894 9193 1
653 1627 1
6696 9486 1
6283 7539 1
2968 5373 1
1814 4544 1
2650 9297 1
3181 7803 1
1467 3758 1
1659 3855 1
1610 4680 1
243 9442 1
4377 4879 1
5811 8149 1
3059 6726 1
900 7838 1
3991 6888 1
3128 3509 1
5498 9916 1
4274 6511 1
6644 7097 1
1898 2954 1
813 1750 1
1077 2790 1
3520 8049 1
7115 8244 1
3502 3793 1
3807 5305 1
1688 2124 1
6569 9568 1
4266 4974 1
3504 5988 1
3494 5114 1
4301 9935 1
635 4399 1
1818 1870 1
5461 6009 1
662 2409 1
5228 5248 1
2145 4614 1
709 4293 1
4837 7038 1
6443 7468 1
7996 8035 1
4614 9468 1
2207 3733 1
7287 8456 1
908 6179 1
229 7850 1
1210 7154 1
2400 9941 1
8874 9474 1
2507 6481 1
622 4204 1
447 8631 1
609 7502 1
4350 9537 1
7389 9711 1
340 8618 1
5263 6321 1
584 3502 1
3060 7783 1
1672 4146 1
724 7735 1
8567 9801 1
523 6332 1
2086 2585 1
3846 4786 1
2388 6669 1
3470 4525 1
2696 3958 1
3897 6041 1
419 4370 1
3961 8407 1
8310 9168 1
235 2595 1
3534 6395 1
1434 5482 1
1609 6446 1
1799 7160 1
4492 8959 1
2995 8950 1
4384 6907 1
5358 6070 1
3152 9148 1
2832 8438 1
1767 5798 1
4588 6352 1
8900 9881 1
6 1126 1
8230 8946 1
2582 3353 1
933 7633 1
1059 8113 1
5757 9109 1
2867 9630 1
156 8038 1
2216 9293 1
2230 7934 1
94 6816 1
6357 7295 1
3899 6174 1
28 2390 1
3718 8479 1
3212 6068 1
114 1774 1
326 2263 1
4285 7960 1
3431 3998 1
7167 7300 1
6600 6703 1
7446 8457 1
1905 6834 1
3248 5236 1
3743 7523 1
6692 7779 1
4371 6102 1
371 9826 1
2623 8272 1
2532 2815 1
3568 9314 1
2672 5609 1
4014 4735 1
133 3165 1
2066 8083 1
612 4086 1
2899 3438 1
2369 2455 1
7179 7237 1
1473 6926 1
215 520 1
6886 8569 1
2895 6277 1
7673 8841 1
1286 6295 1
2502 6506 1
1603 4278 1
0 6772 1
4734 8111 1
4218 8648 1
536 9076 1
3602 7884 1
3925 9003 1
6510 8046 1
3267 4879 1
2420 4778 1
2925 9054 1
7603 8904 1
9657 9977 1
1362 8475 1
2192 2812 1
2202 6665 1
684 5239 1
1662 5992 1
1644 5043 1
2165 5504 1
1987 7114 1
377 879 1
8106 8339 1
3866 4667 1
1068 6136 1
2090 6183 1
4437 9328 1
5381 6294 1
909 8650 1
3563 7496 1
2922 7806 1
604 1168 1
4274 9137 1
2185 8599 1
727 4374 1
401 3705 1
3099 4281 1
1671 7786 1
5299 5753 1
2179 5560 1
2674 9881 1
639 7888 1
7307 7677 1
8095 9956 1
3405 7228 1
4291 8907 1
6468 8761 1
5863 8555 1
1861 7630 1
5092 8845 1
5686 9548 1
672 863 1
2958 5890 1
822 5681 1
5525 9299 1
5855 8023 1
6512 9380 1
1230 6479 1
2475 5490 1
1568 5246 1
4112 5789 1
971 9795 1
815 8385 1
6805 8854 1
4823 9522 1
9355 9485 1
1078 5669 1
1117 4643 1
2710 9919 1
987 6179 1
4814 7330 1
4909 9139 1
3616 6044 1
258 1414 1
3843 4399 1
6380 8189 1
1752 4299 1
4147 4338 1
1171 8239 1
7937 8068 1
6917 9280 1
129 6
5252 7258 6
771 1595 3
1114 8944 1
2390 7519 3
3592 4115 5
802 2035 1
3065 3611 2
7246 7300 5
3192 7394 3
2613 6888 5
127 5327 4
3130 3689 2
4645 5666 5
2411 6382 2
4298 7816 3
2520 9601 6
4310 9563 6
287 4837 1
2346 6205 6
3684 7585 1
2832 8142 3
4075 7957 1
9 8386 2
2214 7038 3
2915 8717 3
7788 8175 5
4489 9861 2
369 2982 3
2169 7444 2
628 4773 2
5707 9907 3
2632 8905 2
7892 9648 3
3712 7400 1
5344 9647 6
741 2867 2
389 3143 5
3557 4251 5
559 5304 4
1813 9399 1
6449 7973 2
58 6010 5
359 1525 5
496 1591 4
1953 4848 1
1130 2050 4
7087 8216 2
1595 6645 5
3192 3775 3
5072 8913 2
5730 7675 4
2052 7677 2
3638 7562 6
113 7140 6
2943 9124 1
5312 8735 3
3035 4719 3
2235 4145 3
2435 6101 3
5816 6205 6
6789 7158 6
645 5372 4
4384 6877 1
652 4284 4
5674 7357 1
4998 9270 2
514 2722 3
2740 5238 5
501 6318 1
6071 9810 5
4047 9855 1
939 985 1
4027 9222 5
4908 7179 6
2068 6641 4
8057 9688 5
1583 1640 1
1895 7908 2
4464 7832 5
3041 8855 6
3338 6813 5
4630 5999 3
8553 9106 1
1091 1314 4
3324 6485 2
4971 6749 5
20 6777 1
8007 8615 4
7586 9978 3
3737 9769 4
2785 8188 6
5942 9929 6
3193 3906 3
1759 5226 4
7775 7936 2
3538 5400 5
5685 8074 2
722 3822 6
1421 8964 3
4155 6683 3
1727 5920 4
7070 9136 3
8523 9256 4
1609 5033 6
2391 9909 2
5898 8088 2
2617 7748 4
1644 2286 6
2409 5709 2
8767 9576 3
5679 9960 2
1714 5807 2
8468 8993 3
2994 3911 4
5680 9957 5
8444 9812 6
7265 7495 5
4754 7111 2
1400 1418 5
3799 5076 5
49 7841 1
5095 6941 5
382 2559 1
8839 9707 6
9155 9668 2
1814 2170 5
1 8592 6
5991 6415 2
640 5943 5
343 21
5105 9584 3
928 5348 13
1399 1608 3
2632 7034 3
1714 8811 10
3116 8548 20
1901 5198 17
1387 8497 8
3062 6437 19
8346 9882 15
5918 7478 14
1429 8539 11
983 4959 19
4059 5676 11
4697 8149 13
7144 8387 18
6038 7349 18
653 8149 2
8781 9023 6
1413 1421 9
2831 3374 5
1568 4308 20
2959 7973 21
178 6614 17
1727 4690 13
6121 7921 21
813 5952 11
705 4573 9
4491 6347 16
535 9423 15
5414 7380 6
4996 7062 14
4223 5477 2
3828 5437 13
5412 7298 9
2792 8317 4
7360 9561 4
1788 5149 2
3741 8791 8
1767 6844 8
2813 5261 16
7302 9479 1
5699 7121 18
4636 6512 5
7101 8881 2
3209 6713 14
7760 9405 8
5017 9404 16
563 1285 5
2881 5890 20
1627 7573 6
4626 9636 17
410 9171 4
2337 4560 8
1516 5389 9
607 1254 3
5843 9114 17
3869 5703 21
4120 9665 9
3556 3754 17
2882 6198 12
626 9285 19
7993 9502 19
4098 8207 14
5391 6654 9
2163 7824 13
1936 4543 4
6695 7764 5
1326 6489 12
7447 8652 10
2856 5230 6
2621 7726 1
414 8795 20
1386 9741 15
4886 8838 19
3547 6439 17
512 1610 15
7939 9440 21
1793 6988 9
1564 6449 17
1558 3944 3
2678 8690 5
832 5201 19
5465 8149 6
753 7053 13
798 4262 10
3541 6712 1
4221 7291 11
985 8389 21
5144 5150 1
7710 9207 1
4314 6956 5
1891 3591 13
6294 7967 18
841 7560 9
4001 4215 21
1312 2380 21
2152 7922 14
229 4096 4
5834 6694 2
5384 5507 5
327 3973 16
3308 9207 8
2943 8302 20
2399 5211 2
1902 8970 17
1845 7086 1
5511 5695 19
2039 4042 9
2331 8412 19
2540 9420 9
1658 6734 13
1515 2851 12
1991 5428 7
2521 4287 1
5754 6279 18
607 633 6
1386 8269 20
891 9577 15
3791 9758 7
958 6197 15
1421 2233 12
4762 8832 1
2316 2459 20
4904 8974 11
241 3003 1
3164 9719 16
316 710 3
9097 9708 9
3126 5788 19
2931 8398 4
6031 6710 10
1113 7657 4
1872 8080 5
991 5150 15
3222 9405 5
895 1950 21
6882 9344 11
8610 9125 3
2123 5994 12
7425 7959 6
6121 8895 2
75 1168 20
6869 9677 2
1522 3773 18
380 3709 1
4432 6864 11
837 4488 4
3546 3596 1
5702 9064 8
2276 5531 15
5015 8870 4
5045 6643 6
490 5545 20
2490 4853 4
7734 8143 10
3004 9471 21
262 2409 14
582 1844 7
915 1445 2
750 1425 20
3138 6125 11
2425 4886 3
837 5827 7
6201 8230 9
7783 9601 1
4694 7441 15
7250 9258 13
8076 9123 13
1468 8186 2
952 7324 5
2552 2987 13
11 8305 12
741 6706 14
543 8221 21
978 3043 14
3687 9781 7
5038 8937 7
3088 9106 3
2181 5975 1
4545 9444 16
6791 9684 15
2142 2400 9
6825 9876 17
1327 7189 7
4129 6974 11
5366 6353 19
400 2677 9
9061 9718 16
1652 2415 11
5111 9354 12
911 1459 2
6579 9400 8
3643 4258 16
7031 7962 15
1571 6634 19
2843 5854 4
301 7533 1
588 1089 12
2085 3504 18
640 4582 18
2298 6059 9
2502 9415 2
2435 8682 2
241 1229 15
268 7304 8
8763 9381 9
9218 9293 1
3350 5903 19
763 1662 4
3761 9707 8
5379 6705 3
3117 9202 11
7998 9705 21
2186 3417 17
5556 9790 7
6934 8211 21
14 1233 11
4261 5138 3
2701 3881 5
163 1156 3
1892 8464 8
5444 8925 16
8902 9026 19
3787 4365 17
1223 1866 7
8086 8844 21
360 9080 10
2210 9847 5
0 5719 4
7134 7916 8
926 7617 12
474 3713 8
3877 8254 12
4989 9143 6
971 6410 7
4090 9764 7
6664 8588 3
208 7855 11
1315 4447 14
8631 9302 8
6115 8911 19
6078 7250 2
8880 9047 8
7430 8996 17
612 2271 5
2083 5520 4
5726 8919 10
360 8084 10
3653 5378 12
4110 8616 6
7621 8874 11
4290 8536 5
691 3279 13
1555 2000 12
2443 9851 3
610 4132 21
6497 8579 9
906 8407 17
625 9887 17
4299 8815 16
4135 9143 8
5165 7469 15
421 8915 14
2262 5955 6
1997 6661 16
6729 8530 15
175 235 15
3969 6149 12
4975 9373 15
6791 7583 16
171 5796 7
4004 5097 21
543 6882 14
5279 8467 20
5418 7057 13
2976 4980 4
335 3778 16
5886 8415 1
2458 7901 11
1973 2390 11
4686 9079 21
6786 9677 6
4165 9644 15
1131 6872 7
6303 8934 7
543 1105 18
4957 8847 1
1607 5546 14
502 8355 7
1978 6528 19
503 3922 12
4669 6847 13
3630 5655 18
5224 7942 12
1233 7030 16
3060 9879 16
2478 2803 3
828 4763 19
1116 8680 10
4035 9729 17
2645 4340 12
2491 6939 12
864 3742 10
5732 5800 11
2234 7713 15
5537 8580 15
3071 9198 3
219 4284 18
2856 9627 15
6278 9131 14
3907 6932 7
2819 7837 18
1158 4238 16
5991 6055 4
2343 3241 2
7980 9273 13
7463 8051 10
3415 8291 7
7869 9088 8
2033 6555 7
1582 7476 4
2408 2913 19
2479 4845 6
911 6810 7
2449 3832 7
4761 9046 9
3991 9954 11
5086 9376 11
117 426 21
5088 6867 4
4713 6019 21
300 1165 1
1464 2247 8
829 9510 18
245 5186 11
3615 9461 14
5477 5726 6
2356 3788 20
4576 7872 12
3740 9634 13
3749 6505 19
2045 3849 12
303 1
6527 8255 1
6616 6727 1
6979 7260 1
1005 1033 1
1078 2118 1
1218 8315 1
503 722 1
9162 9178 1
4855 7359 1
6678 8357 1
2265 4540 1
2604 4245 1
1159 2547 1
1929 8373 1
2362 9301 1
46 4810 1
2735 3288 1
6737 8486 1
849 6877 1
1329 2140 1
3841 9604 1
837 3818 1
1749 9864 1
2175 8319 1
3984 4716 1
584 2956 1
2825 8144 1
7554 8151 1
4135 6082 1
2950 8203 1
8437 9043 1
661 5009 1
1323 9387 1
1450 7612 1
1434 8703 1
1453 3066 1
331 7337 1
4365 7115 1
2887 8452 1
1317 7918 1
2544 7664 1
624 4139 1
5066 8931 1
1001 3626 1
5556 6205 1
8606 8796 1
2027 4659 1
6931 7152 1
4980 7818 1
2040 8074 1
1059 5217 1
282 3147 1
2315 4904 1
6695 8481 1
4719 5577 1
3519 9540 1
8258 8626 1
2409 2582 1
3262 3719 1
3165 4037 1
5684 7657 1
2360 9778 1
7069 9929 1
1370 9776 1
7226 8714 1
3674 8661 1
3849 4795 1
2376 5236 1
3337 8648 1
5230 8956 1
1954 7943 1
559 9156 1
8017 9401 1
5634 7211 1
1157 7364 1
7552 8850 1
3877 4623 1
3233 4107 1
3270 3305 1
6162 9507 1
4863 7348 1
6647 9817 1
2819 4499 1
253 9699 1
488 3650 1
5521 6045 1
114 6675 1
875 5121 1
8424 8559 1
6143 7295 1
1159 7937 1
4340 9606 1
2360 6293 1
953 1650 1
5283 6071 1
1081 2212 1
4496 6029 1
1887 6242 1
1486 1502 1
71 3721 1
177 716 1
2354 9361 1
2088 2987 1
2840 5048 1
1783 2805 1
8235 9122 1
6239 9827 1
2357 7333 1
297 2752 1
5091 9947 1
406 6300 1
6645 7340 1
9498 9752 1
7850 9029 1
2003 7609 1
1095 9572 1
925 5800 1
5792 8869 1
1660 3862 1
885 2068 1
429 3391 1
121 2083 1
5984 7142 1
1105 8080 1
5473 9057 1
317 4344 1
4866 7598 1
2993 8656 1
2693 9554 1
2043 3603 1
8817 9228 1
8794 9513 1
9070 9096 1
1639 4524 1
2133 3653 1
6887 9717 1
636 8516 1
867 4626 1
2282 6833 1
5475 9557 1
2931 9277 1
84 7486 1
5751 9313 1
5289 6767 1
1644 7133 1
1356 1588 1
7535 9633 1
4745 8897 1
159 6066 1
2048 6102 1
5011 9521 1
3422 3700 1
38 1358 1
300 8574 1
6793 9437 1
3753 5489 1
432 2487 1
1526 5273 1
1560 9750 1
57 2185 1
379 3721 1
3748 6586 1
3515 6015 1
6578 9648 1
4846 9289 1
3360 6529 1
5611 7953 1
2551 4964 1
6829 9433 1
1691 7128 1
4745 4999 1
5752 8725 1
3873 7410 1
995 5861 1
730 9479 1
438 2992 1
2420 7544 1
1963 9657 1
4479 7599 1
7625 8281 1
3561 6956 1
2625 8151 1
3155 6240 1
6863 8947 1
6166 8431 1
2152 9973 1
5407 5937 1
117 1235 1
979 3109 1
19 2552 1
3119 9711 1
8624 8705 1
295 1218 1
321 8136 1
7955 8161 1
95 8712 1
7561 9484 1
7712 8185 1
275 7424 1
9371 9457 1
3480 4805 1
3119 3329 1
4572 8764 1
1399 9552 1
2550 7981 1
934 8247 1
334 2619 1
2965 7712 1
6482 8449 1
1735 8528 1
3748 6374 1
2118 6317 1
2206 9794 1
1597 6303 1
5 2903 1
2493 7413 1
5264 9374 1
5402 9712 1
6812 7454 1
6433 7387 1
3690 4557 1
3321 8255 1
6567 8216 1
6030 6880 1
6606 8674 1
4896 8012 1
301 5155 1
5091 6157 1
971 8687 1
3193 8829 1
4958 8937 1
5434 7210 1
486 5578 1
5407 8849 1
4236 5427 1
8021 8801 1
1274 4465 1
3945 6132 1
5077 6077 1
7238 7543 1
2458 8212 1
1593 4564 1
1458 1505 1
9339 9710 1
3553 7489 1
2101 9629 1
1949 9033 1
4558 8026 1
3942 7641 1
6368 7495 1
6389 9013 1
5737 8306 1
1038 6432 1
1506 3910 1
8990 9178 1
5610 9469 1
896 2600 1
1747 7492 1
2055 8752 1
1653 9486 1
2145 3863 1
4329 5785 1
3336 5988 1
5127 6147 1
2101 6278 1
4077 5333 1
1679 7732 1
2429 6525 1
1753 9028 1
573 9745 1
4142 9085 1
3634 6397 1
1838 9291 1
4353 6775 1
7755 8189 1
4465 6158 1
3716 6841 1
4421 7394 1
2400 4697 1
377 7329 1
4272 6391 1
1823 7654 1
123 4343 1
2070 2351 1
1996 4647 1
1701 3720 1
2164 5312 1
6223 7465 1
952 2946 1
823 1850 1
1148 3106 1
1668 5286 1
2752 4606 1
2080 6804 1
2520 4256 1
6491 9777 1
1930 5952 1
2684 8233 1
93 2940 1
7382 9455 1
437 5847 1
2306 2859 1
8274 9851 1
432 6
3099 7967 5
4723 7356 6
6342 8062 5
1403 6371 6
7 8106 6
6622 9820 5
1061 7227 1
5698 9449 3
3609 5169 5
2273 8330 3
764 4809 4
2587 4277 2
1050 7580 2
7993 8526 4
723 3170 6
3528 3556 3
7322 9094 1
4852 9467 3
448 1361 6
4276 9552 3
2364 8205 2
1399 4288 4
8643 8945 5
6245 7790 1
3714 6510 6
2195 4204 3
3852 6484 1
1101 7683 6
3128 7873 6
1546 7753 1
2344 4865 1
6681 8425 4
3566 4216 1
7315 8440 1
1195 7374 3
3431 8234 5
1552 8136 1
1663 8058 5
5416 9586 3
1617 8793 5
3557 5372 6
8945 9657 2
995 1572 5
2023 7261 6
3870 5029 2
1047 5109 2
4864 5979 5
1502 6943 4
1738 8092 1
93 8966 3
2506 3831 5
560 3356 2
1491 4132 6
433 7998 1
6662 9621 2
1763 8747 3
5351 7072 1
1097 1372 4
6933 7666 5
5299 7627 3
8285 9281 1
3502 7241 4
599 1470 2
472 5612 5
2522 7444 3
110 9363 3
6619 7930 4
4205 8614 3
2785 8486 3
286 9667 6
644 4436 5
717 6547 5
4504 8640 5
1654 9225 5
6209 8893 3
838 1489 2
5155 8496 1
6012 7301 5
1218 1971 3
4128 6075 1
433 8226 6
4406 4946 4
878 1862 3
1009 1277 2
157 7570 4
6221 9977 4
323 4639 1
2961 5579 5
3693 7195 6
864 2811 2
86 6010 2
4144 6060 3
1705 8807 3
1825 3734 5
5145 6792 6
1783 9849 3
152 2194 4
5834 7104 3
5595 9257 5
1995 4724 5
3777 9006 3
4970 6488 2
1080 6850 6
7127 7538 1
3776 9578 2
1532 8260 2
4078 9232 1
724 4920 3
2192 5753 2
727 5072 1
4413 5112 5
6775 9421 3
3088 8508 6
3883 5039 6
766 8277 4
3030 6469 4
906 1460 3
5295 7014 3
4482 5422 5
6572 9226 6
5350 5892 3
813 6969 4
5719 9233 5
175 3759 3
1548 3557 6
4206 4380 6
5205 9414 6
1380 1772 5
4885 5572 5
4192 8601 4
4562 8488 5
9586 9768 3
996 8090 5
3859 7191 6
3777 5793 2
7023 7773 5
7361 9686 2
2776 5320 5
2344 6614 5
883 5613 6
486 4892 4
802 4953 4
1427 8575 2
7521 9094 1
1472 3633 3
2778 7478 4
3721 7738 4
1404 7016 5
8079 9619 3
1445 4960 4
5002 6077 4
3844 6005 2
1871 8351 6
5152 5812 3
5555 7408 1
6478 7899 3
1139 8632 6
1851 8541 6
3696 7010 5
1677 7023 6
6166 8723 6
982 7808 1
7012 9667 1
574 7413 6
2945 6170 5
5674 9737 6
6562 6684 5
4019 7856 2
598 5387 3
64 5206 2
6578 7896 6
4659 9676 6
1345 6506 1
4919 8122 5
3062 3777 1
3877 8096 6
6147 6257 6
6902 7219 6
4274 4801 6
1916 6191 5
4026 5782 1
5001 5652 2
3583 4654 1
5892 7903 1
3450 8035 4
1260 6977 1
2728 9415 3
1481 7779 2
4521 5985 6
6128 7974 3
1240 2861 3
2059 4762 5
1781 2726 2
2506 4382 1
2464 5806 2
903 8172 5
6005 7386 1
3769 8573 6
3090 9119 4
2889 7324 4
4861 7762 1
5924 6581 2
212 320 2
8400 8827 1
2738 6326 6
845 7637 5
882 6666 5
4020 9624 4
1912 2691 5
2116 2409 5
8127 8140 1
2853 9337 1
1707 7535 3
8301 9902 4
3181 6566 3
8046 8305 4
2449 5324 1
880 8367 2
1284 7235 6
6736 7356 2
2446 3768 6
2104 9385 2
5030 5631 3
9295 9351 3
3526 8376 5
7796 8161 5
3555 5734 4
5812 6005 4
5390 6860 5
1779 1786 5
1853 5766 1
5539 6662 1
973 3095 3
9382 9961 4
8338 9651 1
7341 8209 4
666 7270 2
312 1472 6
4924 6935 5
1774 6387 1
1628 9243 3
5944 7194 1
4442 8406 6
5505 8541 4
5674 6236 1
7541 9248 4
2196 2764 3
4286 4869 6
2896 7038 5
6968 9353 1
331 5099 6
251 1645 4
3238 4614 5
1239 7537 1
2077 6407 4
1757 8302 4
5212 8358 6
3366 8099 6
2861 4038 6
865 7952 5
1185 8512 1
999 9549 3
7937 8155 5
742 5891 2
631 1915 3
6302 6332 2
4372 4573 6
1414 9433 4
852 4395 1
3672 7142 6
2707 7133 4
789 4512 4
5120 7241 3
6334 6351 2
2388 2505 4
8477 8562 4
6966 9707 2
1489 1748 6
6527 9731 4
2428 6377 1
1308 2446 4
1956 9407 6
5310 8858 3
4467 4962 5
7333 7569 3
192 7711 2
1094 5840 5
6983 7682 6
3549 9684 3
512 3445 1
6926 7422 4
3061 4141 5
5694 8777 3
5 7445 4
8488 9017 5
2722 4969 4
5676 9411 3
7790 8266 4
949 3618 6
4608 8816 5
3223 3799 2
1165 4355 1
6917 8167 6
6974 9803 6
1389 3876 5
5655 8235 5
2611 8698 1
7164 9729 6
4234 5281 4
83 1536 1
6964 7229 6
6705 9002 4
493 3582 6
5493 7662 3
3638 8192 5
2549 8629 3
559 3042 3
1056 6962 6
1085 9191 3
2347 6175 4
1062 6166 6
1083 3691 4
3831 6773 4
2911 4458 6
2186 5119 3
4372 5533 1
1483 5228 4
2845 6989 5
6337 9076 5
6643 7244 2
2044 9558 3
2645 5836 2
947 5838 1
3587 7012 2
5983 6186 2
4492 6320 3
934 4331 3
7219 9790 6
7031 8674 5
1078 3981 4
1603 2257 2
6298 9935 3
1062 5678 6
529 9912 6
1891 6024 1
1756 8642 6
753 9869 5
5012 8877 1
1710 7361 3
597 4317 3
4648 5394 6
5178 5179 3
3450 3802 1
2020 2565 1
1266 8210 5
6787 6909 2
3543 4876 1
2373 7272 6
8059 8086 3
610 9447 3
2833 6501 1
706 1175 2
6580 9778 3
1421 3919 1
7698 7886 2
3841 4760 1
1925 4189 3
2512 5568 4
5488 6269 2
5156 6363 5
7983 9021 1
2735 6842 1
5271 5644 2
4670 5828 6
4263 8779 4
4431 7445 3
575 7526 1
685 4047 4
9028 9262 5
4345 5839 4
4795 7715 3
6931 8143 5
4378 4452 5
2741 8020 5
2252 4737 3
2964 8191 6
1172 6842 4
4117 5925 1
6582 7558 2
2611 8516 1
8976 9674 1
6406 7323 1
1984 9481 2
8114 8666 1
5951 6187 1
3952 4067 1
4672 8322 6
5834 8895 4
6436 7526 2
4103 4135 6
4555 9724 1
3915 9620 3
5348 8588 3
6738 8562 2
2078 6848 1
4607 9316 3
1251 1570 6
5938 8906 6
2194 2317 2
4423 5815 2
652 9963 1
2083 7211 1
1802 5988 4
4399 6684 5
750 9017 6
365 7626 3
7206 9098 4
1283 5990 6
2570 3298 1
4468 6388 6
1508 3519 2
1560 2184 3
6085 6359 3
5837 8396 3
6569 9190 3
5663 6683 6
566 3719 5
4293 8722 5
235 7218 3
5733 8459 4
4637 8830 6
6779 9653 1
1 21
331 3214 10
195 28
856 3364 2
4380 9808 16
3427 7872 17
7592 9273 28
1696 3608 21
6220 6897 8
2580 9288 5
82 5779 19
51 2289 10
1787 8079 21
5930 8997 8
1743 9096 23
3496 5155 9
1793 8036 2
5907 6612 28
3426 9322 16
1255 2068 8
40 223 18
6273 8673 27
6250 6981 18
1392 7556 19
3020 7000 3
667 1987 7
183 2677 11
893 5495 19
8102 9626 2
4368 8753 1
984 3319 12
4437 7798 9
1545 8517 3
138 9954 24
5035 5449 16
3392 5317 27
1630 5616 15
757 3088 2
9100 9374 10
3994 4498 14
7633 8532 28
2262 6675 5
2218 2584 23
3214 6791 22
1113 7361 8
3712 9798 2
1990 5591 18
2622 7859 22
3248 8414 5
6788 9829 11
3152 9130 27
1508 9584 8
3825 7789 20
5780 6412 7
6040 6834 1
1603 4065 8
152 6376 24
2319 4932 15
55 3953 3
2963 3126 19
2628 4461 13
1465 4269 10
4696 7394 9
5367 6586 23
1394 7551 16
1717 6945 27
422 8890 24
6920 7062 4
2821 4860 21
323 8352 18
3787 5598 15
4082 4709 22
3385 7936 8
6153 8127 21
1034 1328 13
664 3288 12
3573 5541 13
1559 8030 1
1875 9185 3
3261 5401 23
3630 8937 18
7553 9510 17
209 9810 24
4097 7405 24
3569 4379 1
1670 6826 17
69 816 19
1624 6735 23
391 6621 17
1871 3655 6
3276 4149 8
7059 7664 26
1336 8868 1
2844 8223 25
287 3813 28
4797 6585 17
4409 4561 28
6520 7088 25
4074 5197 6
2034 2508 22
4494 9396 23
865 7381 5
7788 9629 21
1313 9664 14
1118 4293 20
3659 7643 10
5273 6669 19
1402 1669 25
3770 4319 26
2151 7633 9
231 8550 5
732 1743 20
4381 4815 2
3143 3220 17
4086 5457 1
4177 6165 5
848 5559 17
1193 1741 23
1911 8941 5
1135 6746 24
4434 8555 26
4724 7540 10
2930 7210 2
1161 5901 15
542 6125 22
577 3875 24
2733 6150 24
6265 9445 18
2731 7545 5
8126 9971 5
2056 5581 15
4340 9104 16
274 5592 28
674 2319 11
4330 7809 2
1225 5900 25
342 8540 12
3481 5061 6
5064 6315 18
438 8397 21
6046 9115 13
308 4371 6
783 9364 6
5160 5372 8
563 8086 4
782 9091 3
1836 5415 16
233 6530 3
5215 6882 8
3470 4163 15
6386 7404 7
4081 4311 18
1241 5959 16
1887 6220 25
7014 7101 4
3562 6438 3
1969 8340 24
2868 3516 17
5040 6910 11
572 9246 11
2965 3952 13
1522 6620 27
4804 5319 23
607 5623 19
6980 8077 8
5931 9700 20
527 6713 27
4369 8442 17
4920 5708 13
1655 6992 19
3764 6353 22
1586 5339 7
3534 8435 5
647 3443 8
4249 6695 16
5660 7574 11
1907 2656 12
4038 8638 10
6593 9909 23
1330 7198 1
7150 7977 7
5559 7376 7
7687 8248 21
7496 7579 10
718 2168 14
8687 8996 1
2105 5642 23
6572 9589 10
6161 6644 20
37 4098 22
4388 4537 11
5635 8454 3
709 2192 20
788 9913 15
1596 4649 17
757 5367 10
1842 5840 27
5261 6378 20
293 9
1179 3978 5
1281 5394 4
2207 3481 1
1626 2958 4
4795 5771 3
2031 6099 4
2512 5089 7
520 1342 8
25 8666 7
6569 9655 9
2136 5073 3
5330 8376 3
2348 7211 1
7153 7269 3
5106 7592 4
2538 6155 2
2076 8427 7
0 5084 7
2202 4446 3
6443 7808 7
1349 9557 9
3014 9621 9
1975 7058 3
4709 7609 1
1491 7130 7
6753 7878 7
4455 8185 7
3053 6298 2
7827 8985 1
2388 6757 5
4062 7967 4
2608 3963 2
238 7886 5
3081 5653 7
372 7041 2
210 5702 1
4117 6388 8
2588 3087 2
7544 9736 4
2223 8214 8
2424 5182 8
4490 9759 4
3851 4893 2
2310 7052 5
1846 5048 1
7296 8387 1
7824 7971 4
5568 5688 4
2477 9731 3
836 4049 1
5263 8111 8
3625 4282 4
1132 6867 8
7086 8030 1
6483 8517 7
2116 4177 9
166 4333 4
607 4401 8
691 3551 3
2555 5566 4
819 3646 7
507 2281 7
853 2991 5
2574 7372 2
3317 7685 4
5010 8251 7
1850 2243 3
828 9508 8
212 1561 8
1259 8663 4
4008 6812 6
206 4908 9
6523 7635 5
9149 9903 6
2999 3076 2
7846 8621 2
898 2130 7
2366 8308 3
458 7451 7
4531 5294 8
5727 7027 1
727 2938 6
5970 7347 4
2725 6221 2
635 8166 6
766 5592 3
930 7748 2
7711 9126 4
1972 4198 7
7941 8564 6
6210 7869 8
5365 6849 1
5500 5801 2
6419 7325 5
2204 4369 2
6576 9959 2
5695 7957 8
816 2364 7
6762 7103 9
1848 9951 8
2070 4796 3
1943 2710 9
4123 6669 3
5099 7520 4
5105 6206 6
2175 3152 1
5638 6438 9
2776 9931 7
1202 9699 6
85 3969 1
2499 9961 1
4092 5612 4
3998 8101 6
2637 5170 4
55 3571 9
5740 8776 6
704 5938 8
3343 4540 1
3334 8351 1
2501 7345 8
1874 3925 4
1320 2960 3
5825 8600 2
246 9253 5
2572 8171 3
1916 1982 3
6044 9066 2
667 8588 9
2860 3613 5
3644 9968 7
8357 8529 8
7946 9427 9
3568 5229 2
658 5146 3
2239 3291 7
6691 9175 4
1253 5749 7
5013 5354 1
3046 4987 4
641 3320 7
7679 8694 7
910 3970 6
7696 8285 8
516 3905 1
3022 6174 9
3556 4627 5
3259 8046 1
5567 8597 2
2797 8226 5
4860 6153 7
2203 9437 1
686 2089 7
1343 7387 9
2040 8611 2
688 5924 3
194 2965 4
3427 6733 9
2231 3045 5
1416 3846 5
437 8820 3
1171 2540 6
1624 3068 3
5343 8054 7
4977 5496 2
3657 6718 4
7397 8164 1
8685 9552 5
6639 7047 1
874 6420 4
6417 8746 7
3712 9602 2
311 5291 9
3942 7034 4
1118 2920 8
671 6293 8
7635 9063 8
205 2635 7
3586 9260 5
6243 6335 6
1654 8564 2
3033 7966 7
2742 2915 9
2993 4082 1
5313 7633 4
6893 7161 9
4851 8244 1
7222 7916 8
4338 8734 1
1900 4127 1
1806 7612 7
1831 4707 2
8155 8789 9
1955 6743 9
989 1447 2
2929 7362 3
2741 7713 4
6089 9706 8
81 5106 2
1876 6251 3
901 1544 6
4352 7847 1
6097 9374 1
3786 7263 6
160 1913 6
102 8975 5
7805 8889 9
1160 5230 8
727 3681 8
3619 3946 9
7398 9824 8
6820 8675 3
1203 6802 2
7628 8125 3
2960 7602 2
3813 5482 6
3597 4519 8
7426 8898 9
4477 6902 1
2598 5859 4
6044 6093 7
4828 9982 4
5574 9712 1
4092 9132 3
1441 7578 6
5759 7409 5
7178 9222 6
7146 9093 9
973 3533 6
2547 3019 9
458 8734 8
1081 7544 5
1506 1696 7
3812 7691 3
4932 9589 5
8754 9303 8
5510 9853 8
1011 5341 1
4607 7483 1
2788 5817 2
2715 7389 9
2417 4740 4
23 6577 7
1406 7928 7
6646 6845 8
1463 2018 6
8687 9528 6
7330 9196 2
2016 6534 1
522 1115 2
7734 9567 3
72 1882 1
4107 7775 4
8223 9243 4
482 721 9
670 9686 5
3420 3673 4
910 9418 7
5500 7852 9
1332 9843 8
761 1730 1
23 1425 5
5232 8061 8
7749 7859 4
1556 7729 4
738 1435 3
6570 8725 7
2804 4052 4
5365 8460 9
5240 8882 7
1777 4325 7
5091 5930 7
4403 7022 4
5088 8474 7
1888 6044 2
2888 4788 9
51 618 6
1413 5916 9
3427 3495 7
4934 6485 8
6048 8905 2
1779 7652 9
8774 9602 6
5413 8173 3
1233 1998 3
1722 3386 6
2109 4354 7
6612 9395 8
5453 6418 7
2917 6004 5
2743 8677 7
3348 5530 2
2012 8537 6
4867 9377 1
189 6
7067 9079 4
4922 5060 2
2103 4319 4
430 5861 6
2149 4723 2
3192 8578 4
8514 9432 6
4065 4171 1
6967 9854 6
6053 7936 5
3514 4814 1
5521 5568 4
2304 8531 6
9435 9459 1
1054 6922 5
240 5598 4
1344 5084 6
99 5371 1
3988 5986 5
3034 7924 2
2982 9118 3
1600 8397 5
5652 9262 6
6147 9906 1
3696 7806 3
2246 6162 5
4602 4814 5
2354 8449 5
3847 8225 2
2335 7119 4
2864 7077 5
640 8129 6
1233 1563 5
8024 8317 6
3897 4800 4
6232 8510 4
6690 9155 5
7180 9919 2
5160 9771 1
1441 7364 2
7936 9446 5
4797 7907 3
4426 7799 5
3480 5060 5
595 2982 3
1095 3902 6
4204 9017 4
2843 4032 1
2850 4876 5
2018 5624 3
5588 5814 5
5305 6613 1
2643 4557 1
552 5436 2
2995 3196 5
2538 6678 3
1557 9426 1
4196 5150 1
4831 7632 3
2607 3046 3
7199 9116 5
2595 7593 2
5818 9372 5
1603 3559 2
7074 8345 5
2436 4845 3
6411 6923 5
5 7479 3
1085 7217 6
1103 1415 2
523 2701 6
1911 5909 1
5422 9257 4
876 2857 3
4937 8507 3
2597 3673 6
5186 7465 6
3266 7439 5
1751 8017 6
1587 5777 4
556 9638 2
6185 6796 2
1253 7064 5
5715 7050 5
1286 9623 6
2415 4838 2
1303 2637 3
2544 3469 4
3717 5847 3
1485 7870 1
2981 3978 2
678 1853 1
2119 7688 3
1274 4020 3
4386 8950 3
1051 7629 2
4104 6675 4
954 5270 2
390 8029 2
1842 7741 6
6963 9581 6
540 8611 6
2818 9428 1
6972 8321 6
8820 9572 1
3873 6767 3
1949 6745 4
5241 7964 4
672 6403 4
4198 8116 5
3479 5682 2
2500 3830 1
578 5496 5
7535 9198 5
2893 8708 1
4162 7995 2
2641 8416 5
1195 9582 1
6616 7101 2
1972 7700 6
5258 9042 2
5804 6881 2
33 8727 6
994 3753 1
0 4971 3
2690 6067 6
4356 9478 5
438 7425 3
1190 4579 4
6512 8899 1
4617 5253 5
5591 8821 5
942 9001 1
3936 7519 5
1667 3836 4
179 5010 5
717 1373 3
895 4001 2
2644 5843 4
5030 8026 4
2620 3707 1
6649 7825 2
4327 5247 6
6313 8254 3
2269 6638 3
6320 6521 5
5723 8389 4
438 2276 2
5549 9455 2
2095 5638 3
6317 9055 2
1507 7771 3
4013 9968 5
3287 6132 1
2041 4427 2
1020 9472 4
88 9736 1
2155 6609 1
4463 9357 3
3209 6673 3
2931 9485 4
4046 9021 3
1945 2510 1
7281 9181 2
2904 3545 2
4155 7736 5
2738 4445 4
2124 8005 1
2648 5087 1
2307 4543 5
3193 5188 6
6143 9977 2
5989 9659 4
2018 8760 5
603 2007 1
4416 9281 1
5923 7450 3
8393 8984 2
8002 8968 6
2681 9424 6
7897 8217 5
364 4181 5
2510 7652 3
1597 5727 5
5628 7835 5
314 1989 6
5571 7187 1
391 1791 2
4635 7513 5
326 1
4348 6992 1
1935 8735 1
4450 8250 1
9374 9865 1
7779 9324 1
5686 8550 1
575 8936 1
3151 5102 1
2197 8091 1
4383 6208 1
5518 6651 1
2629 6224 1
4359 5628 1
1571 6397 1
9489 9618 1
3016 4331 1
7428 7804 1
3578 5355 1
2578 4745 1
1085 4486 1
2559 9771 1
602 2272 1
3526 7203 1
2915 8773 1
3506 5798 1
737 5480 1
5682 9654 1
4354 5302 1
5564 9131 1
2941 7480 1
4204 6753 1
704 2879 1
4570 4905 1
5042 8583 1
3173 7709 1
3473 4558 1
3199 6932 1
4698 7599 1
757 4680 1
6913 8264 1
6950 8535 1
267 8199 1
1737 7055 1
3897 5646 1
1001 7383 1
63 7777 1
1023 3718 1
5980 5983 1
1048 8690 1
3748 3867 1
842 4101 1
4110 9182 1
9582 9756 1
6687 7186 1
4037 5906 1
2949 3359 1
2186 2894 1
3962 5531 1
7318 9740 1
3210 7214 1
4616 6070 1
3889 6134 1
2721 5283 1
3787 7614 1
2707 6909 1
1673 9636 1
4492 7794 1
2395 5884 1
1658 7824 1
4517 6064 1
3213 7893 1
7041 8564 1
7877 8173 1
4398 9369 1
886 5123 1
511 4257 1
330 1263 1
953 3404 1
2583 3244 1
1074 1387 1
1044 4789 1
6892 9719 1
7599 9145 1
4681 9049 1
591 9941 1
4632 8403 1
6163 9443 1
1782 6732 1
439 8797 1
1341 8608 1
7623 8792 1
33 1162 1
2169 7713 1
7159 8933 1
4133 5739 1
4695 7380 1
3598 9694 1
241 3198 1
2285 4046 1
604 8467 1
144 4364 1
6742 9203 1
4092 8857 1
6282 7377 1
6679 9889 1
542 6536 1
8542 9086 1
4577 4724 1
5069 6667 1
4449 5560 1
8757 9548 1
223 8783 1
88 7600 1
2300 9870 1
1107 6427 1
4276 9727 1
2606 9637 1
6101 6943 1
7122 9711 1
1781 2571 1
4526 9644 1
938 1423 1
4402 7373 1
1842 7991 1
1021 4705 1
826 8475 1
1737 3450 1
4395 4454 1
2218 5408 1
8223 9149 1
2306 4810 1
2235 2362 1
6394 9661 1
166 1364 1
4309 6629 1
341 2751 1
5333 8365 1
959 7475 1
6580 7362 1
5888 8292 1
5738 9770 1
3127 9364 1
2055 2224 1
652 3976 1
1462 5146 1
7343 8243 1
3757 9125 1
1073 1160 1
2921 7507 1
175 4943 1
4481 5291 1
4134 4849 1
7047 8392 1
999 1514 1
7458 7599 1
8240 9987 1
437 3367 1
8091 8902 1
3482 5019 1
472 5973 1
7304 8088 1
9250 9844 1
1931 5903 1
5943 8396 1
3717 5166 1
811 3146 1
1894 7504 1
4995 8479 1
3033 9257 1
5665 6334 1
4048 5297 1
1283 2186 1
1403 5055 1
440 8416 1
5287 6126 1
1422 3368 1
871 2247 1
2303 6427 1
2324 4963 1
3073 8916 1
3162 6578 1
5066 8353 1
763 3780 1
4396 8180 1
649 5606 1
8338 9154 1
915 2136 1
944 9084 1
2934 9553 1
850 4488 1
4853 5493 1
2465 3357 1
2834 5947 1
1830 3725 1
1323 9481 1
2502 6625 1
7145 7628 1
3790 6803 1
6165 9474 1
3057 5260 1
5762 6199 1
3095 9434 1
3265 5852 1
5727 8790 1
438 3985 1
4893 7207 1
4688 9405 1
302 6503 1
835 7884 1
4519 8214 1
2004 8971 1
1558 2937 1
405 8765 1
2723 5644 1
3204 7121 1
583 7120 1
161 632 1
1168 2154 1
4177 5900 1
369 3600 1
164 7453 1
5768 8608 1
3083 7416 1
7093 8875 1
4710 8288 1
350 5137 1
5551 7237 1
6018 7141 1
4510 9232 1
3324 5414 1
8600 9783 1
76 9627 1
1401 6892 1
5284 5494 1
6793 9770 1
1617 3205 1
4394 8508 1
6225 6278 1
4908 6021 1
2890 7540 1
933 5771 1
2099 3743 1
227 3656 1
1455 1690 1
2797 7526 1
692 4809 1
37 518 1
3616 6430 1
4839 7048 1
7936 9078 1
3573 5576 1
3346 8779 1
1180 2642 1
2352 5717 1
3264 7375 1
2258 4445 1
2197 9646 1
2438 5483 1
1789 2413 1
3926 4955 1
1385 3661 1
2771 9042 1
4347 8282 1
2224 4187 1
7386 8991 1
4376 4749 1
6210 7086 1
525 7963 1
3128 9365 1
5633 9322 1
2127 9424 1
782 2708 1
1090 4935 1
3087 6412 1
2396 4161 1
8325 8597 1
3908 8332 1
2320 8160 1
8745 9750 1
2244 6649 1
2344 7328 1
773 8521 1
5416 6659 1
5039 8471 1
7660 9195 1
6600 7410 1
2369 4055 1
2657 4586 1
3311 9028 1
1226 9449 1
424 4044 1
937 8446 1
7640 9557 1
3114 8888 1
1231 8467 1
1094 1257 1
5338 7305 1
784 5609 1
1403 7542 1
5428 9605 1
6582 7989 1
1061 4745 1
2031 5578 1
3309 9644 1
1583 4650 1
1292 1565 1
643 2388 1
8340 8682 1
7685 7876 1
8364 9372 1
7184 7408 1
3410 3920 1
2530 8239 1
2998 7953 1
2351 3849 1
2562 3879 1
1583 3620 1
3004 4469 1
651 8511 1
626 2711 1
2342 7182 1
3228 9983 1
5306 9891 1
765 2445 1
3388 8049 1
4266 4343 1
401 61
5010 8734 61
3909 4575 60
2999 9964 45
8050 9866 52
1767 3729 21
2584 6555 39
3963 4107 28
4256 7435 36
752 4529 6
5513 6223 27
2835 3713 32
3274 7083 39
3924 8523 4
7754 9481 59
287 1746 2
2660 8653 32
5904 7363 4
3823 9974 55
2101 3707 32
13 7363 17
2447 5724 32
5019 6028 52
1959 7639 48
2620 4933 14
2614 4713 2
484 4347 19
2783 6696 19
6438 6509 44
399 7109 16
3093 7511 44
2658 3431 42
5231 7917 29
2252 6608 27
3459 6607 51
6042 6049 24
760 7007 58
2233 4245 39
8850 9575 18
1507 9815 23
1790 2009 45
7832 8261 56
414 2543 47
3742 6856 5
6477 9743 44
385 3550 53
3350 8650 25
3812 5276 37
645 5324 33
77 9832 61
3364 5315 29
2343 5951 19
1075 9305 53
5075 9354 32
1643 5865 25
2172 6982 28
3664 4191 38
2195 6165 16
539 2553 41
4161 5770 52
6087 9646 34
3145 5362 22
3397 5587 31
7583 7704 1
698 8439 35
181 1295 44
2473 6166 36
452 1787 14
852 1308 59
544 1823 38
1781 4878 24
7199 9526 55
892 2876 40
4673 7080 43
665 2731 59
4757 8057 54
4709 9199 60
3673 5407 48
6090 9422 20
3214 9233 3
2845 6072 29
217 5316 23
1870 6670 21
2066 6006 21
9168 9884 45
6789 6885 43
1686 7187 44
2115 7827 40
31 9589 43
2744 6661 49
1671 2238 48
3587 6576 49
1411 5485 15
3444 8454 29
4829 9825 21
5321 6556 10
2107 8121 35
628 5742 3
949 3609 9
1544 8451 58
2257 9969 11
1208 4361 40
3691 5196 48
6066 7497 1
6222 9226 10
340 5934 38
6705 8513 51
1926 2060 36
958 5564 55
4160 9417 18
23 4692 61
344 9632 30
830 6922 35
4713 6224 22
4798 6827 54
3241 3552 5
1535 4640 33
1182 9435 49
3507 6435 12
3320 8291 40
186 8472 22
4038 6504 8
8008 9246 17
2523 5404 48
4225 5447 40
881 5399 3
3173 8889 14
5102 9209 20
6324 8558 5
2188 9582 10
951 6592 57
3359 7565 24
3945 8882 4
4706 9605 1
5349 5975 16
4377 8152 7
3508 7755 36
5558 8413 36
754 8309 51
3645 9357 21
2567 6766 17
5647 6827 59
1301 4878 13
2243 4185 34
3676 9306 10
3729 9807 34
789 4056 32
265 8669 21
2845 7583 23
1579 6977 59
3200 8069 19
976 7838 44
441 4913 42
3619 9041 30
3454 6450 18
2141 6308 34
160 6357 60
2406 3562 45
1751 7112 17
9 5690 23
7153 9537 16
866 4432 58
1104 5098 51
1242 2966 7
1503 9225 32
2079 7969 34
874 6976 51
2910 8720 41
4236 7008 6
4095 6541 13
1052 6620 57
3000 3733 40
185 6657 21
1430 4028 47
4546 5946 25
678 1897 14
3854 8295 27
8649 9873 16
4924 5502 38
2731 4854 16
7690 9748 5
880 1938 23
6685 7530 29
1634 2869 1
5084 9917 29
6235 9367 40
190 7589 38
5489 9647 58
1704 7684 53
326 3018 39
1920 7828 22
2542 6690 36
8997 9308 52
2248 5947 53
6466 9502 16
5447 7154 28
5330 8328 12
7270 8412 61
1499 9369 28
3988 5910 20
4077 8753 28
1347 6012 44
437 8261 48
6650 8652 60
333 9826 18
42 2209 22
3003 6806 11
503 2706 41
2183 4012 6
2572 5389 21
5370 9362 61
2267 7040 55
558 635 10
4501 9707 7
150 3443 9
1614 4329 51
685 1446 13
2384 8501 30
6061 8248 35
2435 8007 14
2278 3201 42
3156 8728 33
2819 9597 32
7245 8992 12
3678 6890 12
1969 6862 37
3635 4246 39
5189 8943 52
394 3586 46
1260 2456 18
699 6723 59
2139 3761 55
3444 6043 25
5016 8194 60
714 4125 10
157 4595 6
1820 4183 47
1274 6847 59
1232 1334 58
3032 6106 44
4407 7358 44
349 6019 44
1350 6797 59
1747 2117 6
3601 4546 13
456 3178 12
864 9088 55
8656 9194 52
7158 7410 19
6642 8821 31
349 9122 46
887 6979 55
4947 8084 40
7303 8619 35
4236 4527 22
149 4477 28
76 5352 48
4519 8760 46
4159 6707 59
2463 3238 30
2537 8322 36
5608 7341 15
2733 4726 38
3870 5021 54
5461 7373 27
1745 9153 20
2075 7003 41
3213 7920 7
1644 3813 42
1345 4674 56
3526 3596 52
3328 3640 46
3349 4028 59
3111 4532 24
2053 4034 7
425 604 26
3144 6992 30
7969 8269 48
8738 9830 11
2117 9224 3
4846 5480 48
2725 9727 23
4237 7863 37
1180 8675 41
8502 9842 8
991 7918 23
7749 8437 33
1203 4839 42
6098 8952 36
3011 9841 16
2517 9916 41
785 8891 53
5770 7767 36
1595 2157 28
2312 9258 27
2606 9414 20
1999 4611 43
1777 2989 4
1145 3542 38
1753 9460 32
1606 1969 16
7620 7802 32
8416 9680 55
4324 9966 59
1889 5341 50
1315 2139 32
93 974 59
792 854 44
7965 9985 50
6373 9644 61
7411 7639 33
2642 3040 19
4350 7837 28
94 9591 56
3626 7740 56
1539 4563 22
8419 9661 41
7001 8302 2
6064 6273 28
5250 7654 30
631 9285 5
8316 9159 10
5610 7733 17
4387 9765 54
3036 4504 56
3641 5366 13
2707 7684 19
2077 2306 14
6027 9849 27
256 7103 61
5480 8493 15
716 4318 29
2171 4928 52
6508 9872 12
6504 8176 24
1647 6894 46
1058 6894 30
1112 8719 48
3190 7268 17
2714 4118 28
7365 7748 11
3953 7946 49
216 7331 37
3476 4211 31
2914 6073 17
1848 2317 43
1414 1514 18
1526 2147 21
2979 9237 3
4254 4555 35
3848 5895 31
1205 1748 24
272 7817 33
2641 4218 33
2223 8741 1
557 1356 43
3979 5977 11
452 1912 51
751 7032 25
4172 8761 30
4135 9476 23
4339 4653 23
3179 8773 1
4906 8967 8
1920 6425 35
3484 9447 56
687 4032 45
262 8869 13
2719 3961 21
5721 7291 15
1267 4668 43
4538 9427 11
657 6284 9
7491 9151 4
2548 3184 15
450 6912 53
7200 8691 17
7349 7440 11
1033 1997 19
5744 7693 31
2840 4436 35
8382 9963 24
1227 4738 40
8803 9910 42
6666 8821 52
299 1440 3
2938 2974 24
3187 4903 5
353 4975 58
3779 8116 26
8074 9090 9
3546 3725 11
1416 5812 48
2090 3687 49
2009 4650 32
2456 9372 33
2775 8927 48
5523 9733 32
274 5244 10
2847 4606 14
5893 6983 21
7481 9162 51
195 1
1593 8578 1
7700 9087 1
4248 8690 1
3393 6218 1
99 7650 1
196 1392 1
5250 5558 1
2363 8198 1
464 8082 1
4298 6972 1
323 4854 1
2623 8394 1
5474 9951 1
1413 2740 1
8360 8775 1
4518 6703 1
2600 3369 1
2612 5353 1
4776 8279 1
4638 7705 1
248 927 1
1752 3793 1
3949 5299 1
5148 6177 1
4247 8806 1
5351 7617 1
4287 6531 1
5386 7924 1
4474 8663 1
5035 6745 1
1449 1512 1
8124 9858 1
2498 9200 1
609 5037 1
3549 6926 1
1193 4774 1
1004 6380 1
1051 8116 1
6526 9818 1
1826 5713 1
5046 7700 1
3712 9800 1
6784 7447 1
5423 6430 1
1541 4337 1
4618 8656 1
2094 9369 1
6142 7388 1
57 5357 1
2425 6040 1
861 5032 1
2595 3535 1
4023 8012 1
3802 4906 1
2095 6616 1
1335 5577 1
2182 8561 1
4354 5589 1
3487 7878 1
2923 5166 1
3483 4997 1
2485 7557 1
1174 7285 1
507 9242 1
5509 9670 1
9433 9989 1
4863 8226 1
653 3904 1
2088 2268 1
682 5523 1
8382 8693 1
6165 9907 1
6378 9372 1
3836 7496 1
497 3744 1
4576 6463 1
6497 7499 1
2344 2664 1
989 7953 1
7348 9045 1
4443 6897 1
5830 7213 1
2992 3746 1
2432 2916 1
157 2006 1
2006 2326 1
4073 5986 1
1408 9157 1
3647 8423 1
6648 9318 1
2598 4329 1
615 6492 1
9183 9297 1
2116 7633 1
3419 5304 1
1776 3451 1
4302 7145 1
8096 8873 1
3938 5505 1
6288 9023 1
1104 8758 1
7544 9110 1
7226 8557 1
1937 2628 1
1833 5306 1
2249 5556 1
882 1171 1
972 3079 1
1481 6863 1
2706 4971 1
3021 7305 1
2690 3433 1
6550 9745 1
106 2541 1
3111 8346 1
339 1457 1
1270 9610 1
392 1319 1
596 7217 1
3551 4382 1
6643 8886 1
3421 7121 1
4285 5480 1
1059 2993 1
4418 5668 1
4187 5958 1
3272 5744 1
1723 9023 1
4848 5205 1
2321 7801 1
7978 9559 1
5328 8121 1
1423 7809 1
1685 2118 1
8141 8823 1
3105 7162 1
4654 7338 1
481 2928 1
1822 9297 1
1646 8272 1
4116 8255 1
4309 8422 1
1658 1982 1
970 1711 1
453 817 1
7518 8873 1
4585 7195 1
4504 7023 1
3358 8223 1
6484 9927 1
5324 6366 1
0 4954 1
7869 8678 1
5676 8135 1
4913 6718 1
8062 9090 1
5088 8248 1
732 3401 1
2128 2796 1
2925 4004 1
4243 7560 1
4995 8830 1
6254 9581 1
6097 6111 1
2747 3664 1
3053 4836 1
412 1899 1
4843 8503 1
2101 2411 1
4136 7245 1
4599 4847 1
1022 6935 1
3563 7112 1
1594 8600 1
2756 9855 1
6819 7908 1
4537 7869 1
1433 3761 1
6797 7398 1
770 3442 1
182 5910 1
4982 7159 1
6019 9987 1
362 5736 1
222 4106 1
937 5578 1
695 9337 1
4865 7845 1
436 5775 1
6042 7883 1
1259 3138 1
2685 9018 1
1315 6247 1
1922 8953 1
8621 8762 1
