30
200
-3820 542
6752 -4373
5251 -3412
-9154 -6051
8385 7350
-3104 1752
-8611 -153
6888 1963
-8376 -7667
3487 -7310
5599 -9905
-6804 9701
-5158 -3035
-8729 3129
8541 -5223
8222 6027
8592 -9566
5266 9911
9263 1373
-1296 248
3697 7196
3327 -8987
-3171 -8359
-8727 -9179
5907 8335
-9323 2674
-7642 -9286
-6295 -6748
5906 4810
-7829 -193
4316 5008
-2645 -5678
4613 559
-4283 7075
-9388 3066
-1808 -5805
-4931 -5898
3249 456
-4763 -5156
9260 3898
5237 -7647
-3869 2419
3686 3690
2952 -2693
8428 -8154
-9644 -4286
-7725 -2919
-6638 -5896
138 3821
-788 -8679
-1077 4190
4260 2834
260 -9443
2234 6359
-2447 -4007
-4792 1818
-5166 -494
-9145 6466
-9658 -365
-8277 -3282
5776 -4627
7373 1187
3006 4160
-7721 924
8211 -2297
5510 6177
-4462 -8180
-2798 2991
2671 7423
-1324 -5247
9958 -3805
4576 1997
3891 -935
5142 -5536
-6967 3507
8123 -3904
6130 3067
-4305 -1695
5462 -3843
-1979 -6185
-8004 173
5707 5522
-1002 -8561
4489 7341
6223 844
-6916 4368
2955 -9937
7865 -8739
6181 7617
-5706 6947
-7426 -8526
3059 -4949
1461 157
1863 4590
-8389 -7020
-5218 -7395
-6236 -182
-9657 6629
-7380 -1784
1166 9692
-3388 -3396
6493 1010
5940 5268
-2907 7932
-6627 9717
-1468 7115
-2026 9682
915 7791
-8193 2490
2316 -6029
75 1839
-6995 3061
-1348 -8304
4521 2179
-5560 9880
-7861 8193
5758 -1127
2243 -513
9637 -4891
-4120 -8711
-8915 5404
-744 -9557
-9545 -8367
-7562 -3549
5860 9244
4923 -8003
2545 -6676
-2055 -7415
-7854 2115
561 2162
-5842 7560
-9294 2964
-9261 -2224
-7657 968
7974 -1919
-9199 15
3858 1146
-9224 -6591
-3595 -3064
236 2058
-6412 -1605
8564 -416
-3130 1782
2801 -8792
7316 3986
3953 7019
-1741 9204
2985 1285
4416 -976
6723 -7064
5306 -250
8683 -3461
8771 96
2199 -9937
-2932 -7189
628 -1561
2406 -3938
7989 9194
9849 4221
-169 1750
6083 1698
8864 -5244
-3040 4913
6728 9638
2906 7317
-2787 -5712
1967 9518
-5126 1106
4211 -6195
9429 -7076
4871 -5035
-179 5167
-8493 1609
-6563 -6212
-9937 7982
-604 4444
-3893 1358
-7152 3460
-8774 8752
3225 3445
-3993 8135
7809 -3144
1246 4585
9433 3899
-9603 -3900
8366 -1716
8304 156
7109 -1278
-1004 6598
-478 6675
7893 -9509
184 4307
-1254 -2709
-8696 -8498
8197 4983
-6091 -8059
-7322 1337
-3231 33
-9231 9122
3886 4116
14
779 244
658 -762
-576 632
227 588
-69 866
-783 -291
316 -473
502 684
-235 -42
-913 279
-863 -389
197 496
479 547
-230 -706
200
5984 -9271
4302 -6726
-1779 7246
4634 -5675
6072 -8613
-5804 4140
-2572 5216
8854 -8443
1113 -1744
-4317 -4927
-4976 -3334
-9198 -4450
6947 -4736
2188 6053
-1291 -6076
-8275 9168
7737 9139
-1569 -7630
3199 8467
-4334 -6556
-1606 603
5095 6607
-793 7924
4245 -4999
364 -1563
-7817 1822
-3983 -5146
9655 9247
6612 -6326
-5263 -7238
-2978 4497
3247 -5784
-4910 -4355
-1383 -9724
7611 -7605
7137 2178
4061 9722
8937 -5651
-5444 6056
-989 536
1000 -2632
7336 8346
8000 -5597
-30 2935
-202 -3309
1758 2397
-9424 8618
-9429 -5056
8488 -5481
-9809 9273
-3039 6110
7017 -3869
-5332 8650
1667 4741
4639 -3606
-6194 -5236
-7999 5102
-3772 -7329
-4052 -2106
-5435 4034
4038 -8402
-2235 9575
-3183 -9223
-8632 -7928
3901 -8801
-2919 -8607
9885 2197
-7277 7043
65 -1655
-4344 824
7407 9309
6506 2342
-3756 -6810
447 8202
1480 -3859
-9201 -3374
-3428 -6294
-7302 4328
6205 4610
5697 -9908
6880 -5445
-4067 -3713
-6735 -4385
1236 -6371
7053 7405
-4274 -348
7029 -7396
-4590 -6429
-9955 8549
5266 -285
-4681 1393
-8597 4639
396 6834
4994 3099
6027 7071
-8955 6107
9039 6432
-5366 8336
-5274 2353
-6322 8087
1574 -3458
-27 -8252
9088 -7114
-5422 -2948
-210 5187
-6031 9089
-5918 7414
9786 5949
-5576 -5193
7970 3418
5693 -247
-5945 -7240
-4926 7392
-4598 -4343
8323 -1620
3761 2596
2064 -2941
6373 -9073
-4815 7508
-6018 -2449
8536 -3152
-4971 1375
-7497 6256
-6093 -1567
7793 -9733
6176 -7060
6221 -5320
-6999 -2604
-8584 9266
-3618 -7491
-180 5393
5663 2241
-1434 1961
2443 -6348
7846 6623
-8124 -7637
7270 -8104
1175 -2507
9961 6945
465 1246
-7811 4668
7678 -3187
8126 5742
6459 6990
7674 4010
-2078 3679
-6174 -4676
1608 4030
1415 5616
-2817 -6923
9979 8964
4683 -2705
3119 -4743
9996 3529
-9045 -7807
1555 2933
5096 -7546
-8113 -6891
8756 -6926
7083 -3295
-9179 4189
7811 867
-1628 -810
-7220 5799
252 -1428
-1417 1512
-3758 -6836
3812 9703
6459 -2827
2417 5308
-8898 -2777
1139 1338
-866 470
-9342 6107
5425 3253
-9079 -6433
-8561 -7170
6638 -5252
-8559 48
-2767 -2403
-1815 -2683
251 4715
-8390 8784
3723 -2716
-5382 9522
7035 -4466
9678 6680
1587 -5744
-1653 -8656
2236 -5005
-2898 2887
6927 7692
4875 -8618
5296 -5006
2829 -3790
6849 -686
-9024 4463
8123 -535
4091 7596
645 4727
20
-539 -437
918 205
-36 -928
283 397
-718 610
916 787
159 -67
568 -453
-245 389
-166 -369
-42 955
-565 -235
-577 -634
745 -540
297 498
-742 465
324 -561
537 127
-136 -837
41 -322
15
855 -218
481 391
446 -765
-596 351
394 742
-938 -949
-748 546
-751 943
-514 -723
690 990
999 -487
376 94
971 -921
290 -584
429 786
20
-211 -532
-686 239
-395 797
-301 98
-980 -434
-344 399
-480 -542
-103 -102
-267 776
88 -660
-621 -549
858 307
538 521
-679 -837
841 262
329 773
-341 752
-147 340
-707 262
-170 317
192
7213 -6923
4710 -8773
-9056 -2395
1605 6897
1500 -6876
269 -6336
-3379 3783
-5361 -1802
-7041 239
-2104 -8437
-6546 3302
2401 -1546
-5424 -8888
-8848 8567
-4732 8317
7850 -8621
-2305 -8495
-7204 -5567
9859 4254
8961 -175
8067 3718
-6996 -332
-6113 2468
-6359 446
-3924 4884
-8946 6482
1837 -3717
-3007 -8610
-8364 1889
-2072 3464
-8112 108
2065 -4001
-9476 -9539
-7119 -2347
8009 -1048
7738 2022
8817 -7697
-4546 8693
7102 57
-1717 3852
-4737 6161
-4251 7533
4229 8804
-5433 8871
8292 -390
-2291 7319
-601 -3125
9419 -6748
7836 7429
4759 -8904
-5368 6573
2817 -8268
7950 -3879
-1678 3339
4372 5598
-2143 5517
1791 8403
-1618 -7892
7955 9367
-6406 1784
-3390 -9590
-8526 -434
9613 -1907
-7393 6804
9823 -2480
-6263 9814
2481 -2423
689 3068
7819 3855
-559 -8076
-6920 -4121
-3966 4747
1916 -9099
7222 1803
-9940 6740
-4371 -6912
6441 1579
5254 1762
7443 2216
-22 6764
-6931 2793
9024 -3214
3121 7744
2905 7221
8321 6816
3901 -2579
-981 -1344
1298 -5408
-8160 4287
-565 -6211
-6560 -707
-3234 -9487
-3985 -3856
-3754 -6041
-7429 -605
4472 1281
-1423 2132
-7342 -2805
-1665 -5934
-7607 -2407
3093 5851
197 -670
-8954 -7971
-5207 9755
-7554 7488
-1294 -4528
-9454 7866
-3915 -7491
-6682 7560
5639 3021
-8465 4795
-4661 -769
7576 248
-4172 4016
5960 -5611
6055 9178
7818 -2227
6769 6090
-4093 -1096
-5297 -8612
8142 -5438
-2986 -5518
7417 5060
2065 2610
-5194 1054
-6762 -7750
5206 -4251
-3710 6561
6480 1852
-583 -7099
3462 -7315
401 3332
-6246 5024
3020 -3142
-607 -8967
8687 9001
-3411 3836
-8180 -1529
2468 -6435
4566 -1005
-5782 -7246
-3103 4322
3874 -3318
9509 5103
7784 -9059
241 4314
-1974 4849
507 8549
5381 -2341
-2977 -7736
-9146 3283
-6241 -3777
-1747 3468
-2746 813
4703 459
-1451 -2025
7952 -7538
5444 -3382
4705 9760
-4445 -4118
3851 4583
3779 -9048
-7377 1553
-8995 -6345
-2007 4101
5674 -4593
-1030 1311
-9568 -7097
9056 -5165
-1864 3784
-3957 8632
-7773 -624
-8538 -4057
-5451 3897
-5692 128
-3023 6629
-1040 3118
-2736 5532
-8763 3088
2800 -4331
-4524 5655
-7215 7998
-1018 -4293
-8387 -112
1136 -9649
-3616 5011
-9572 -4045
-657 9701
7098 1725
-8389 1265
4649 -1145
9768 -8582
20
220 -902
-177 597
90 -468
686 -694
-340 -628
-332 -26
-355 68
-359 -735
-852 -227
350 812
542 -857
-740 922
531 978
175 -525
-749 921
-353 73
640 455
-870 556
185 -914
101 692
20
153 513
948 -897
492 88
-372 106
-161 -371
-241 -895
-445 537
-668 401
640 151
413 -520
-126 -591
-158 -897
-757 681
-589 682
-440 -780
-127 805
-895 -791
-301 -711
-240 -197
-477 -207
20
0 5
0 10
0 15
0 20
5 0
5 5
5 10
5 15
5 20
10 0
10 5
10 10
10 15
10 20
15 0
15 5
15 10
15 15
15 20
20 0
200
-1483 -436
-3282 -6477
4928 -326
-2596 -1628
3468 -2793
392 -2894
6088 1360
4002 -3510
5625 -128
5015 173
8254 9754
9150 7789
7484 -8615
4515 -644
-702 -7089
8866 -4904
9848 -2419
4634 -7464
-1643 5522
-8401 7335
7365 8244
-8034 2561
6643 -1511
2941 2853
9543 7599
-3207 -4687
-5941 7205
6260 4970
819 -3426
3169 3491
308 734
-3522 6595
779 5300
-1456 6436
1056 6947
4216 -7805
-392 -5958
-5602 -7697
5918 -207
29 9483
986 5773
2271 8963
7278 -1800
1306 -1787
7584 4122
-5248 -9672
2768 6238
-9375 -9189
6533 -861
-731 4460
-747 222
-157 635
4389 9289
-4969 2952
-8167 6160
-5212 6258
-2538 279
9147 5304
6772 -8182
-3079 961
-6772 -9003
-1159 3563
914 -5851
9091 -5781
-3891 7907
-3165 -8321
-3298 -5691
7656 -7758
-6515 -18
1845 8073
-5593 -7697
7081 3807
8276 6654
-1968 7636
-3731 908
7320 -4047
2274 9368
-8222 -3651
7286 4134
-2434 -9129
-5372 -21
6982 3434
4371 -3810
9206 1069
-9008 5806
3917 1243
-8721 -9909
-6747 5815
-5868 -9286
-1015 -4248
3033 -6783
847 -1988
-2875 1197
2316 -7510
9742 2195
9505 -1047
-8249 -2387
-4631 8397
-737 5878
9612 -4574
6286 8508
-843 -3779
-3419 5138
-9415 2065
3875 -7023
4415 6307
7245 6785
-4643 -3536
-5394 8736
-9668 -8385
-4475 5469
-6096 6528
-6248 1890
-2062 -903
9063 2768
2813 -5197
6004 -8637
7044 9805
7817 -3295
-9909 -138
-5204 5647
-3226 -7150
6675 5988
-1696 -6731
1515 494
-2827 4986
-4586 7899
-7366 -7283
-9969 -4677
7705 8206
-5748 3100
-6197 -8344
-6074 8464
-144 215
-2073 4994
5817 9856
-7971 5794
705 454
8261 3120
-8313 4125
8093 9574
9313 3661
2130 -1992
9977 -6965
-8679 6498
8212 -6434
4461 2187
-5070 8033
4133 -8624
453 1813
5016 3194
-4302 6187
8508 -3835
-4100 -5221
-4160 -6413
5947 1073
-6369 664
-1913 -8382
4104 4516
-9895 1084
7510 5081
3434 1269
7471 4996
480 5046
-4256 7633
-8877 688
6273 -1029
-8476 3013
7447 2018
1052 4804
-5452 4939
-9835 -3969
-1053 5342
5417 2162
3683 4774
-3956 4964
9782 -721
-5661 2055
5486 -9688
-8023 -8940
-7169 3237
9452 7612
-9192 449
5434 6314
1105 3930
3047 6132
7176 6206
-7416 -5384
9014 564
9473 4835
6760 8375
6794 -6879
-4667 -6282
5443 687
4578 -491
1290 -888
-2791 7287
-3124 7938
-2158 -2209
-2704 -936
20
319 -609
-132 445
-366 963
-421 809
-96 -163
-113 638
-158 272
-384 569
524 -532
-619 555
250 949
97 481
872 -919
-884 843
-338 -837
-710 -453
800 -38
-494 364
-215 498
-218 -680
200
-5645 -2028
-8074 6084
-1866 -8771
6003 9433
9493 -9464
-6764 655
6679 2342
2853 9686
4786 -8431
1824 -8890
3787 -9224
-9356 -4122
4782 6798
-8677 7287
2146 8873
9526 1657
8851 7626
-9183 -4268
6479 2129
-4771 -7883
-6550 4337
-3129 -6380
506 2825
-8656 7992
7072 7604
649 -7799
-4753 9789
-3235 5031
5498 -4596
-2217 4298
1340 -2480
-216 -9545
8402 -295
-385 1607
7638 -7792
-8875 9280
3499 -9225
2570 -339
-7052 -5994
506 -4370
3925 5148
-32 5171
-9214 -794
-3107 2902
-9573 -4510
6126 -4300
534 53
-4863 4080
886 8630
-7635 -1652
223 8932
-8211 6599
4235 -3635
3146 682
8472 -9727
4911 -9835
-9967 -4032
8699 4149
-3729 -2416
-7164 8
-1050 1392
-6144 7371
-6352 -387
-3727 -8336
-2062 4647
-1552 -9467
-1196 -60
-6473 9763
4118 -3172
4543 6090
-2885 8108
3892 -6018
3349 -7195
5345 3231
-23 -3142
-7241 -8449
-924 -7184
5234 -9772
-6991 -1369
-8335 -6032
8410 8119
-668 5858
-6511 -6689
1008 -5158
-6642 4106
-1408 2734
1109 -8430
3070 8600
4011 -4443
5715 -2874
-1338 -4070
-8979 284
731 9020
5857 -9771
4631 -20
-5630 -6478
9240 2019
2736 -8013
4447 7133
9432 -5938
-4543 -8273
7334 5213
-5976 -9465
-6384 5061
-7420 -2648
-8923 -541
-5560 -2150
1107 5858
6318 9000
9409 -355
4313 -7170
5384 878
-4078 -8423
-9898 6495
-1563 -2929
-2648 7198
6978 -9057
-8665 5631
-1628 -165
3394 -9952
5869 566
9311 -9277
2168 6945
-8047 -6473
-4827 1275
4928 -3529
1518 983
-7813 6110
-5138 2330
7776 2235
9745 178
-4661 815
-4202 5045
-2892 -5555
3636 1932
9328 -439
-3538 -1439
-205 4593
-7464 1996
7502 8358
-4882 1312
-5773 7058
-7344 5513
-8281 -212
7614 -9519
-839 4142
-7501 4089
-8495 6052
2498 1625
5393 2777
1106 -187
4595 -6508
-2055 7162
-8335 2973
-5944 -2915
-9270 180
-6816 2234
-9208 -4562
-9118 8599
6747 -265
1317 -2389
3583 230
2618 -4977
6840 1150
9579 6138
-3355 -3361
-6742 -4339
-4418 -936
-6755 9171
126 -4241
-6150 408
-221 -7906
-9116 -1235
-1060 -799
5636 -4498
-8300 2979
-9760 -7575
713 -583
-4864 9540
-2547 -8715
6638 165
8003 8189
-9344 -9965
5652 -119
2292 8887
2428 -7492
-4959 924
3225 1807
9802 -3315
1538 -2676
-7590 9619
8199 -8827
-3607 5585
6183 5645
-1767 -4169
7447 -30
-5455 9367
-1767 3346
4394 -7041
2077 -56
200
-3031 9243
-7798 -1332
-4423 -3136
-1239 -9231
-1399 8396
-8436 -545
-8134 -2169
1030 -6889
5685 -6598
2799 2911
-441 2774
892 -7072
5499 6358
-3746 9455
5827 -6041
-4096 -6209
-7434 776
-9102 611
4240 5681
3225 3299
321 8892
2825 9033
-1812 9141
9320 -4819
78 5802
-2287 -1998
-3179 4780
-2480 6189
7399 8886
6330 2922
3758 -7266
-2983 -2746
-4079 -2838
212 -4892
4832 9171
8070 -5190
-8783 -5947
-2189 -386
-2675 6519
8657 -7292
-4994 6149
3115 -8336
-3963 1673
-8707 -8383
9950 -3837
-8108 3135
7235 -7767
-2373 222
7994 -9708
-6602 2469
-180 -9322
51 2061
7242 -4660
-5418 4553
-192 8052
-8366 2852
8667 -356
3512 -6698
-4577 3929
-231 -5730
-6723 -8854
2609 4561
-5948 9197
401 -8471
-4930 -8466
-8202 -8858
-9243 -8895
-8247 2684
7522 5161
-4011 -1900
9896 1068
-7228 231
-3594 -9895
-9966 -6607
6276 2033
-2119 -8080
-7206 -1961
-8718 -8890
-3318 1113
6898 1912
2795 6632
4362 4094
-1037 1879
-978 -1957
-9521 5124
8468 7135
-166 1548
-1628 -716
1137 -2061
1984 -3240
-2893 -8492
-5387 4823
-4802 -2623
1912 9028
-3407 -3855
-4214 275
-9441 9446
-7027 6214
2270 8125
-6922 -2088
2369 -2432
1593 3796
-3043 1954
1520 -9264
6899 3094
-2523 -2250
3730 -4040
-4946 9283
1238 -8206
1330 -9377
7377 7136
8690 3355
2402 -6616
3159 1896
3188 6173
-5830 -8724
4901 3658
-8401 -4352
-2269 -5927
-4407 6688
-971 6783
-8420 -670
-3072 -5672
3613 95
8144 -9613
4649 725
2052 2835
2416 -970
-3159 2271
2617 2048
-8232 7094
-6191 4383
-9217 -3901
9532 4878
7499 606
-4839 -485
-8825 4210
-740 1098
7379 359
4876 -2086
6007 -1641
604 7329
-2573 -5503
-3561 6725
-1189 -5080
3409 5038
6875 -4105
-1525 1808
5621 5275
-9501 -4730
-2869 2547
-6612 8336
4078 6520
-926 6229
-355 -3746
-512 6446
-8988 -6987
4176 -2693
-358 -7324
6593 9102
-1459 6094
5389 -1843
2366 -6127
563 4467
-4005 4249
-3169 4423
9871 -1402
3274 -8869
5334 7844
3278 6582
4199 -9562
-9065 7154
2414 1252
-6601 -3872
2921 2513
-6597 -7914
-2124 -524
9502 88
998 2334
-1907 9648
4164 6095
-8773 -6603
-1409 6258
-6127 479
-6973 1926
2541 9725
-3194 -1805
-4118 6093
-5812 948
-3656 -3199
-8588 5142
-6856 -3985
9709 4891
-6386 -3018
-329 9117
-6999 5606
-8068 -1820
6725 8859
-9106 -187
9537 -8880
200
-3619 -7230
5439 -2396
6125 -6178
-5101 -483
8385 -2897
-6219 9963
2518 -6773
8919 6188
-9707 8282
-4329 9381
-328 8162
-2675 -1653
5226 1909
-3393 3468
-3187 2307
3907 -4096
-7461 979
-6689 3968
742 -1782
1960 4409
1119 9920
5050 9296
5807 -9104
-9031 8974
2212 -3270
279 257
5046 -3812
3251 6825
2719 -5290
9957 -9631
-7804 1267
1963 -3895
9322 0
4804 -2646
1443 181
-746 -502
-5509 -7923
8550 -2012
-4211 1766
7832 -7628
-8184 -2619
-4071 8694
2033 8117
-9267 -3659
2910 8986
-7928 -722
-9395 -9341
6644 8639
-4026 9423
-7625 4923
5467 8467
5814 8808
-4917 -7552
115 3260
4754 8765
-9478 2770
2900 -2011
5808 -7304
6349 322
282 -5226
7452 3155
2543 -8007
9969 -4069
-126 332
-4560 -3193
-8371 4270
6042 8901
-797 290
8143 214
-7709 2777
-9621 1169
1204 -1367
-4420 9751
5009 8396
9253 2136
309 -1680
6978 -8677
-432 999
4656 733
-832 -6056
6132 -1918
-6090 -8629
2295 5690
-7363 2694
-8296 -9141
5936 -5219
343 -1147
-7975 -8459
-9204 -4980
-5697 -9004
5877 4423
3605 -5262
-3397 98
6522 1229
-1944 -8910
-6881 6885
-1674 -892
8711 -1198
6517 9407
5136 -8003
-6149 -4350
7441 -4767
943 9882
7682 9341
-445 7030
-5039 -6232
6765 -7135
-2229 -511
6600 4234
645 -5601
-5807 8348
8305 -7966
4112 -3760
-4522 -2389
4726 -1683
-1886 -4331
-9092 -347
4708 -8017
6891 9917
-2386 -7017
-7526 1504
-3845 3022
753 -439
-2185 1107
707 3245
-3409 7533
3469 -3014
7482 4543
1370 3076
2547 2228
6344 1198
-2905 -3303
-3466 -3124
902 4786
-5461 -6528
-3440 -5379
8238 -8490
-670 3298
7184 -6949
9163 7391
6434 -5534
-9758 -733
8497 9711
-9796 7777
-5818 -7883
843 -2985
6449 4610
860 11
7108 8322
880 6058
-7382 -1717
-6590 -2056
-4575 9506
-7289 2603
4147 -9934
5247 8405
6923 5667
6149 5456
9946 2321
968 -3883
-4089 -3417
4035 -4343
-5544 -7317
8619 -3136
-78 8778
2114 -4211
296 9707
-7204 8993
1488 1682
-7757 -1980
-8805 -6460
9875 5094
6187 -5098
-8456 -4937
-3735 6801
8904 856
2980 -1551
5129 -6893
-650 -8288
-2900 -3230
-9406 -6562
-7145 -3993
-1004 -5955
-1577 7224
3100 5126
2788 4186
7682 -8119
-3455 1460
7323 5881
9081 8655
313 -3932
5009 139
-54 -1748
-8923 9908
3194 -3466
9700 849
7039 1824
1530 342
-2213 6464
-3712 -137
135
6249 5969
9775 5906
7881 -5684
-164 -1567
-7869 4899
-1114 2717
-2856 -6281
-6756 -3834
4556 2524
2417 -9099
-9221 -787
1268 -8513
-3387 -7968
-711 -1814
1443 -528
330 4222
4291 -7556
6684 -5483
-6304 4848
-7111 -1212
960 7021
658 -1991
1852 8742
-5335 5106
1221 -7144
7445 2141
-1860 -5132
-9177 -9957
7314 -3772
-9640 -6472
-2823 4577
4183 -8517
-30 6241
5203 -4819
-9382 167
1615 -1652
8216 -1337
-3099 -2417
5051 -6203
-8439 -4655
-1022 3513
944 8694
-4324 2770
7885 5970
8888 8146
-9992 -5357
6090 4586
3064 -6116
267 2084
-22 9072
-2085 9737
-6903 -314
5127 4033
-206 -7789
-4422 -8063
-9967 -5873
637 -7287
-6057 1395
4489 -227
5729 3939
9687 3313
-1691 -4578
4411 -2060
-3314 9333
1831 3308
2445 3679
-3295 5487
7559 7486
8441 -4935
-2888 -1918
-4207 6517
9207 1779
-7244 -3733
-6513 6961
-2830 3394
-4910 7072
6190 -3338
-7497 -9317
-5206 4389
-8320 -6349
-1875 -3382
378 -8076
-8779 3318
5355 -7220
4172 -2971
8992 -6182
-4241 -9644
-8230 -5256
369 5785
3797 7764
8986 6569
-6296 -8699
5295 -1356
5816 3437
9385 6785
8573 -341
-916 -7696
5777 -8487
8760 -4814
-5177 -9125
2032 -1749
3202 1294
2293 4792
-3168 -8633
-3566 -4060
6674 648
9621 -5723
5843 5427
-1549 -506
-3796 -1034
-1600 9274
2572 9988
8277 -3481
-6922 -4092
6154 8912
-6863 7216
1141 8324
-3794 6673
6081 -4192
1088 9081
-427 7217
-3142 -5152
-2173 -7358
-3776 3122
2895 -3475
-8739 6682
-7729 4035
-2643 -4941
-5523 9895
5370 6108
7162 9799
-7090 -8771
1885 -7213
-7639 -1784
1929 -8362
200
-1779 1344
-4054 -2391
7046 8190
-4901 8194
-4149 9930
-3425 5886
7415 973
4874 -4624
-3327 1556
-1847 -4747
-3278 3083
-4709 -5607
3822 7069
1463 -2487
-6752 -2702
-898 -6836
-690 -5244
-7392 -4279
9750 -7705
-1476 1862
6597 -4482
8463 -9165
2861 9424
-5412 5692
-4755 8042
-9599 -9680
4778 4913
-346 -1359
-8887 -3701
-2580 -9259
8953 -3149
-6017 -760
-8146 4853
-2766 1132
9886 -2146
-3642 4172
-7663 -7285
1317 9704
3449 8203
2466 -3783
-9389 -1834
-7347 -9988
2269 8877
-4270 7704
9697 -9699
3772 3960
-4124 -5585
7062 390
5583 -1981
1820 -5338
7553 4943
-7547 -566
-6794 5098
5095 3950
8981 5670
956 8974
-1429 -3347
-8586 -9266
4188 3579
9906 510
-5156 -4947
2284 -4627
5549 -6431
-2080 4404
-9288 402
413 -4897
4171 5627
5750 8944
-3527 -4760
7842 3382
8920 -8048
4030 -3789
-8912 8633
-4466 -748
-1834 -8385
4583 6755
-1718 -2287
-1799 702
-967 6610
3086 3043
3183 8539
2480 -1517
5292 -8976
-9626 -2921
8047 -2803
-263 1396
9423 1946
-9082 -7586
6877 9599
-1509 2918
5548 -835
1163 3779
-5936 -5463
-289 -7785
-2926 -3847
5387 -4184
-5833 -8557
8986 6451
6486 6651
-560 -5641
7591 9888
-4547 -1807
4957 1096
-6244 8636
5996 -3296
6133 -6178
3936 3238
-9296 5762
-6141 2431
-7560 -831
7977 -1878
-7848 -563
4443 8345
7018 3078
8093 1151
-2462 -6364
8696 -2270
-4662 -1623
4501 2650
3013 -6337
7359 7619
7768 8208
4424 4909
9112 -3415
5077 9051
-7482 -4483
3398 6028
-5796 318
7538 3798
-4013 243
-3741 5203
-8221 -9079
5071 -5169
-3168 -5190
-4100 5444
4272 2181
-6358 -6238
-6940 4635
-4208 1154
8190 -6657
6007 -6623
2753 1343
-7789 -708
9858 6659
4281 7268
4991 5011
-373 -7000
4590 8551
-3878 -3525
6752 3762
1918 9287
3337 -3789
8180 -9021
-8210 6689
5817 -8029
-4403 -3530
1360 -6493
-1578 -3041
-2837 3226
4135 -8618
-9301 8694
-4927 7218
7884 7502
-2347 5146
-9850 2150
-545 3967
8609 -1382
-516 -6633
-3530 8790
857 -1673
-6342 2009
9096 3399
-2119 776
-7837 -4478
2747 7188
9021 5159
-8937 -710
4855 400
9398 7241
-5321 3499
-1886 3855
8840 -4344
-4754 1183
-823 7465
-5983 6065
6948 2402
-3512 -4983
1265 -7474
-8502 4002
2463 -6013
-983 -6335
-1577 -6463
-1906 -1993
1636 -2241
-952 9002
-1736 -3554
-1389 9567
5907 -7269
-5716 6237
-9428 3971
20
-814 156
777 -508
-815 252
-686 375
495 -725
-86 -540
-913 -260
-53 810
-9 -339
-333 -294
738 726
110 -484
-908 673
-279 676
757 590
369 599
-487 862
-668 78
104 -180
146 710
20
433 -12
-789 431
575 -659
-421 177
951 10
121 -346
771 23
-287 -100
250 154
-296 -353
-565 802
777 -485
-269 -253
-998 346
-787 982
-394 982
488 -168
-832 -936
37 223
578 -28
20
818 -522
-950 -860
453 -85
63 -455
656 170
-647 -26
428 86
406 -710
599 -443
-964 567
-256 -788
-390 774
70 300
710 -244
-570 -356
183 -602
795 -155
-49 643
925 465
-218 400
200
8042 4909
-2583 4410
8664 -1886
5031 3622
-8376 2675
8931 -313
1804 -3101
1100 -8545
4356 -1839
-8296 -8246
5346 -3679
-4211 1925
6842 2658
7655 -5147
-5175 -8841
-6272 -7038
2019 -5993
1855 -8599
8303 -5481
-2099 5072
-7453 -747
4392 1876
-2847 -8509
-4883 -7333
-8292 -984
-3780 2365
-17 3878
-7201 3936
7498 -8120
7217 -1182
-2950 -7741
-6762 7792
-7296 3362
-9718 -6009
8208 -3556
1761 -104
-8262 -8058
-5381 -10
2212 -4965
921 2810
459 -2429
-8289 -151
4203 -2628
6873 1999
-5093 -2821
-5621 -2125
3718 2815
5059 1124
-646 8564
-3303 4166
-6412 1060
-7432 -6416
7712 3234
-547 -7311
8495 1061
-8022 534
446 -5862
-9109 -6295
229 6787
-1137 -8578
5163 3144
-8046 -8842
7603 5814
-6144 8577
569 747
-2673 -390
7379 -3050
5767 6097
3487 9844
-1842 8593
-8482 7027
-6820 6944
-2141 1475
-1080 -3408
6716 -1930
875 6446
-4455 -1813
-1382 3604
-6850 -4197
-2100 6769
4305 1128
-7202 -4018
3981 -9303
-1448 5866
-7378 700
-431 1643
-5099 8864
-9944 940
-124 5510
-5375 5660
-7298 9455
5674 2653
208 -9621
7944 168
5792 -4890
6735 -2637
-5429 -4013
-1229 -4149
1294 -8863
7767 2021
2354 7668
-2830 -4687
-1814 -1577
-9780 -7890
7954 8178
-4153 -6189
3133 692
-8698 9181
2655 -3311
1692 9331
-7972 5893
9810 8875
556 6757
6345 -6092
-3233 -9553
4532 3012
-4749 8876
-1343 -2271
-8010 -5383
4389 -6927
3865 -7689
-7759 -6242
5726 3432
-4787 5597
4274 -9149
-9642 -9966
1882 4528
-8264 -8776
-495 -7035
-8479 -4169
5029 -6223
6594 6593
-5382 -5116
-2758 -7030
-2089 6645
71 -9109
7638 4889
8383 -4764
-2939 -7879
6597 125
-4397 9121
6523 -7434
-2767 3673
-4395 2818
-9998 -3833
-7626 -5737
-6402 4328
-7995 2269
-3859 3811
3135 -9910
-6678 -4734
440 -3605
-5108 -5377
7779 -3519
4400 8599
6194 6363
-1767 7271
2065 1120
-5986 -6419
5451 8857
7318 9296
-7769 5859
-4301 -234
-1855 64
6472 2233
5535 6617
3561 -260
-893 1442
-9301 -2995
2302 -9155
-5280 -2976
9357 -8144
2899 -3554
-9340 3266
-3862 857
-4620 -1010
418 5619
7582 -2489
-3240 2921
-2861 3473
-2365 -4024
7487 -8492
2468 5595
-8587 5783
9539 3330
-9637 -290
-381 2390
5105 -833
-5181 7952
-1596 -8976
8530 -127
-7004 -7380
-4146 1667
1217 -7305
9114 815
-83 6207
9323 -9689
-4654 2398
-1413 5750
-6701 2323
20
801 486
750 827
-779 -611
-930 -995
259 733
915 -500
-634 -941
706 -732
177 -770
641 786
-462 944
-410 -377
468 -818
784 -290
747 -771
-278 -711
678 -775
991 -22
247 -79
-874 119
200
0 14
0 28
0 42
0 56
0 70
0 84
0 98
0 112
0 126
0 140
0 154
0 168
0 182
0 196
14 0
14 14
14 28
14 42
14 56
14 70
14 84
14 98
14 112
14 126
14 140
14 154
14 168
14 182
14 196
28 0
28 14
28 28
28 42
28 56
28 70
28 84
28 98
28 112
28 126
28 140
28 154
28 168
28 182
28 196
42 0
42 14
42 28
42 42
42 56
42 70
42 84
42 98
42 112
42 126
42 140
42 154
42 168
42 182
42 196
56 0
56 14
56 28
56 42
56 56
56 70
56 84
56 98
56 112
56 126
56 140
56 154
56 168
56 182
56 196
70 0
70 14
70 28
70 42
70 56
70 70
70 84
70 98
70 112
70 126
70 140
70 154
70 168
70 182
70 196
84 0
84 14
84 28
84 42
84 56
84 70
84 84
84 98
84 112
84 126
84 140
84 154
84 168
84 182
84 196
98 0
98 14
98 28
98 42
98 56
98 70
98 84
98 98
98 112
98 126
98 140
98 154
98 168
98 182
98 196
112 0
112 14
112 28
112 42
112 56
112 70
112 84
112 98
112 112
112 126
112 140
112 154
112 168
112 182
112 196
126 0
126 14
126 28
126 42
126 56
126 70
126 84
126 98
126 112
126 126
126 140
126 154
126 168
126 182
126 196
140 0
140 14
140 28
140 42
140 56
140 70
140 84
140 98
140 112
140 126
140 140
140 154
140 168
140 182
140 196
154 0
154 14
154 28
154 42
154 56
154 70
154 84
154 98
154 112
154 126
154 140
154 154
154 168
154 182
154 196
168 0
168 14
168 28
168 42
168 56
168 70
168 84
168 98
168 112
168 126
168 140
168 154
168 168
168 182
168 196
182 0
182 14
182 28
182 42
182 56
182 70
20
25 -127
-181 170
-462 -747
-942 271
676 -656
-412 737
411 -782
-538 886
-344 -102
566 471
943 85
-434 -659
506 696
-993 -643
91 -521
-425 907
302 543
-989 -478
77 143
-491 208
200
7366 -1402
7821 -8802
259 -6909
-7598 7293
-1882 -7107
-4789 -9584
-8563 4406
1738 -6449
-8374 1773
5206 359
-3110 3340
9245 5405
-2711 -8200
-5780 -4357
1871 -7139
1064 1202
5940 8804
-7117 4588
487 450
-36 -3448
4501 5315
3758 6532
6639 7316
-2743 823
-451 -4032
6249 9108
-6835 443
-9543 8477
-5141 -1782
8420 8037
7721 -7078
-2840 9702
6154 -5465
4421 -1043
-3408 1391
-1712 -1246
-7584 9060
5779 9250
-7900 7386
4279 -3268
5143 -6105
-2059 -2700
8366 8447
5089 4117
7229 -4924
4644 7018
-8760 -3050
8843 4839
490 -3868
296 8325
-1417 -4858
3850 -727
-1136 9754
6059 8088
2478 942
4063 9998
-1908 7219
-9231 8208
-6622 398
-7612 -6088
2853 -1368
2381 3698
-7173 -4132
7823 9480
-1454 5534
128 -3075
6744 4815
-8175 -7597
3807 -891
700 8328
-1197 6471
-7319 -9006
7928 -5136
391 964
-1767 7481
-9754 3215
7702 -1658
-4707 -708
5733 -9722
7974 5986
343 -599
9657 -7801
3619 -6359
8471 -4026
7401 -4224
-3576 9866
7926 -1119
4923 -5125
1601 5382
-2576 9220
-782 7186
9383 -5280
-651 -5816
6282 1106
-555 7655
858 -6576
7978 -6576
-626 5668
-4393 7001
9925 -9032
-5425 1529
-5254 -22
-553 -3267
9165 -2862
9256 8357
630 5209
3986 4582
4109 -2174
-7298 -3325
4388 -1725
5301 2209
9132 -927
-1721 1087
2738 -3007
836 -489
-8349 -2397
3796 8580
7393 4066
1297 2727
-2301 6387
9091 -5821
3794 3538
-8376 7480
-6577 5437
5232 -1335
-8300 7751
835 7010
4800 -39
7803 -5242
-2907 4789
769 -4581
8358 7279
-9669 8935
-4834 -2484
-4781 1730
6258 -6523
-8652 9122
-1127 -4957
-8715 -5729
-8286 -865
6149 -5143
7460 1714
-5122 9733
1409 -9731
1048 558
-9236 1712
-807 -9920
3542 8192
1969 1255
-7571 -6405
-647 -8225
-4970 4370
-6238 -4250
-3727 9480
-2630 -5526
839 8900
3771 7114
-5473 5154
7637 4112
-3914 8881
-7526 -3061
283 -4240
-5028 -354
-236 9128
9084 -1179
55 8723
4323 -5575
-5936 -8480
-7318 9265
3198 -7082
-2839 510
8486 2384
5408 4092
-2376 -3600
9820 -9423
3723 3248
-6945 -7069
-7174 -7169
-8890 -2864
-9543 -4317
-9690 2263
-9957 9376
-3690 308
5703 7746
-3316 3579
5380 5847
-5664 -5772
-3823 -1777
7584 8187
1261 -2710
2513 -6643
7420 -4733
-6401 -2422
3507 9581
-9164 7755
3929 6504
-2804 3110
9785 -9382
-5451 -1964
-5847 872
200
4741 -1786
-6476 572
4171 -4283
-409 -7738
5485 23
3055 568
-2957 4197
-3360 -8081
-721 4620
-9364 1202
7219 1012
2179 1954
-1020 -7633
3309 3977
3288 4668
6151 -9425
-7754 -8585
5565 -6157
1780 6755
-5579 -7464
-3787 5509
-6164 -9559
7665 7026
4705 -3371
-2227 8942
3273 -8150
-1727 -5026
7344 2166
6899 -6423
-5496 -294
9681 -8360
4057 -4841
-9861 -6881
195 4313
-9382 7455
-6272 -4283
-3204 -7386
2910 5717
5593 2808
-6799 2105
4895 -146
65 -6116
7924 1782
5007 -2289
6919 -195
-7725 7132
-8835 -3625
8258 3351
8338 -9963
5269 270
9297 -7308
1493 -1155
-5786 -8177
1461 -6213
1100 2925
2743 -6618
281 1293
-964 -9112
271 9369
7371 3828
1028 -1190
-9565 9266
297 9079
1806 -6814
8921 -4169
-3394 -864
-9284 -7870
1683 8405
4418 611
-753 6789
-9471 1325
6451 -4726
-8236 8072
-4874 -6850
6438 7674
489 -8470
2666 -3585
536 8864
-8605 4408
4758 4813
3766 -5756
1604 3717
6676 -967
-6889 9220
-5706 9016
-7539 -6578
-2219 5439
-5792 -6331
-5553 -7897
8884 -7014
4287 -1706
6286 -6496
3078 -3149
-5411 9108
1176 9634
4718 -9674
9537 7118
-4777 -5931
-1823 4900
-7333 5902
-3157 -506
-5805 -6402
-6830 4328
-7970 1070
9187 -3174
-9927 2830
1373 -4255
9178 -6869
9000 8955
-2185 -3804
-6301 9726
8044 -5740
7779 9273
-9150 8325
-9129 -2940
209 4590
-2051 -4794
-8732 3816
8309 5900
-7520 -657
-9762 -4744
4713 91
2414 -9283
-1169 -8732
-9119 948
-5282 9333
6820 8872
-3621 -8757
8359 -5115
-486 2193
-3112 7071
-1915 4192
-3497 -9989
3516 -7798
1074 8697
-3160 4
6732 -1087
8231 2339
9257 1709
5897 9035
-274 -5293
-4172 2469
-3800 -3534
4071 9719
2872 3764
-4994 -6376
-1609 -4690
-9826 197
-2815 -5114
-9723 2594
8248 -1485
5761 -3081
-7274 -4839
9972 -9159
9189 6337
7353 -6074
-4523 3779
-7631 6809
-5510 7430
2530 3069
-3816 2511
-4013 9049
-9420 3237
2129 3572
2591 -3863
8776 -3017
-3368 39
-3807 -8019
-8266 8498
7000 -7196
-2687 8141
-88 -3581
7956 3387
1738 2757
-8264 3874
-1835 -9043
-4279 1462
-7239 -9674
7786 -2657
-2102 -1334
-1339 7768
2592 -4781
-137 7826
-444 7909
-7418 -7682
-5111 8102
5697 -176
6724 -558
-238 -3691
7839 4902
-4450 -4343
-2432 -8732
2056 4886
-3840 -1463
-2179 -9832
-6023 -1589
8104 -9634
1994 -9486
-484 3696
-1171 -2320
23
-8835 5591
1562 -600
5640 -5614
-7802 3394
-7164 -6774
644 -9664
-4102 9866
22 3775
429 2520
8120 3318
1351 -7178
-1485 -126
2209 -841
-7550 -389
-5792 -1482
-3717 -6523
5319 7999
8609 6651
9439 -8648
8745 -2122
23 9667
-322 1529
8531 5351
16
-484 332
-556 -544
382 -911
-787 -891
855 732
77 -731
781 124
210 -104
-269 -870
833 -76
-410 162
-372 -373
-87 219
-481 458
-84 -346
-676 832
200
9262 3460
3056 8520
-5908 5500
-355 2034
-8186 -580
-6703 -6218
3006 -1628
6245 -7251
-4319 4267
-411 8004
-6133 7410
-5692 -1978
5679 -4515
6368 -6285
2996 1106
2260 9044
3957 4455
-1934 -3911
590 -7630
5435 2853
8342 5183
4860 2510
1479 -4149
-9492 -3405
-5224 6908
-1934 -618
-5699 8724
-4799 -7622
4806 -1016
8043 4402
-4596 2575
4542 9076
-6187 -1920
5569 5809
-2645 5502
6003 -6878
-3935 7877
-7744 8721
9833 -3070
-6058 -1943
1831 9558
-3426 -1108
-1390 -9030
9683 707
8979 8366
-6823 2967
-1349 5052
8612 712
7732 2148
-8913 127
5636 -6802
-3077 9943
9015 9988
3207 9646
-1553 -3131
7014 3358
7805 5074
-250 -8314
8545 -8094
2287 -7323
-7495 1269
8915 -3527
-2029 -1283
-3938 -9797
-2748 -2186
-5341 -9490
6978 7966
5978 4580
1612 4932
-7372 -109
-3348 -6745
-8290 1704
-4969 8998
2225 9014
3871 -9369
4591 4115
-8590 -1054
2896 8318
-3608 -259
-9378 -7956
1718 2732
159 -9161
-8776 6986
-7185 7957
-154 4344
-1006 3128
-8148 9633
6580 8798
8843 7511
-4071 -1919
-6514 -6332
-5670 8513
8928 -6579
-3245 4215
7108 -5441
-6 -1864
801 -2722
-4808 -2451
4735 4181
2118 -3967
6868 7157
-7727 -5280
-9596 -3996
-4046 -5067
8239 1493
-9582 5782
5360 -7809
3059 7312
-9737 -5449
-189 1540
-6505 3666
5172 -3667
-5226 7528
-9335 -7749
-5581 -6606
6780 8482
9863 -9948
1445 5469
-1602 6840
-2414 4858
-658 6283
3069 7626
3597 -6705
-9545 1355
-1375 8121
1226 -3783
-7971 -8172
7258 -9388
1184 -5847
4899 -765
4375 -7947
-2747 -4681
-6856 -3269
7050 9649
9685 3315
6882 -9617
-3043 756
9696 7322
-7233 935
-9578 -4847
861 4418
-9468 4606
5874 -4362
-1393 -5331
8715 4448
3580 4075
1522 -6045
6226 5034
3158 6622
5822 775
2535 9279
-1600 1426
680 -4921
-6418 -5110
-233 666
-2248 3604
8744 8297
-1545 8732
5994 -3846
-439 -6183
8853 5918
2238 -1064
7440 -6203
-7565 -2740
-4994 -9982
2402 4935
1931 3399
-9320 -6902
-4468 3633
-2986 933
9027 -8126
-1712 -5882
-6462 -2432
5823 4996
-2434 7073
-1653 7217
-4737 6047
1467 3043
-2069 -5031
-4508 -6676
-547 -6702
7636 -3350
-7661 8077
6413 -3066
5343 9038
-8694 2622
407 6148
5832 1416
8463 -7898
-8778 9344
5276 4577
7804 1450
-2784 -9201
-5162 7872
-6040 -9843
1987 -3026
269 -6075
6067 9183
6375 9897
-4707 4593
20
598 -229
-561 -371
450 -598
-668 195
-376 314
-624 511
-981 836
-907 276
588 737
-969 -791
-685 -823
-502 231
618 476
-386 205
658 -83
-293 876
851 162
187 -690
494 -379
517 -607
