407.49081
382.62863
225.39990
24688.53303
22508.36610
374.48557
540.34645
400.71644
22042.99842
23169.86080
22628.73407
22418.54333
23041.18378
19953.52770
24461.80551
268.63203
28039.95115
23257.45211
457.72740
23789.44530
24805.53493
23350.52460
365.96170
130.13839
140.65561
29379.87610
509.35931
30624.52502
20372.08476
28232.20104
23032.33012
23096.51172
369.12307
20544.32329
570.51315
34548.14001
24234.59266
19872.07847
88.56636
35134.39054
127.31064
22954.12328
263.84330
25024.83858
390.16651
25115.08937
297.37027
29197.19276
25043.70578
456.97725
19361.63157
33088.40843
20068.07243
194.43221
24684.05667
24593.92450
0.00000
24292.68623
31226.59475
329.72178
24296.11625
286.45254
0.00000
338.46597
302.07188
24470.10984
34144.51258
455.45935
24343.36745
20521.64147
32621.08328
18444.55643
22129.17680
24629.74690
19573.61565
23812.97131
22350.30362
23957.69717
22732.26677
25572.78422
23839.75106
0.00000
25075.25671
26030.33968
24462.74534
91.41116
19674.47944
125.30645
23449.04265
25841.00868
28967.73910
20969.95151
27187.85963
28260.26305
29870.13099
33027.00394
22030.18196
35359.09730
112.92475
23275.57436
22159.04535
19239.09929
24321.62646
315.21671
22046.23512
319.60485
22104.40362
24085.58834
313.48430
24745.73045
0.00000
25044.17378
24181.88238
35904.05872
252.27050
32207.85848
0.00000
30568.39441
24554.44867
394.44930
0.00000
250.49972
31055.50527
457.90001
487.79914
25001.43905
32675.40296
22059.09756
294.61683
24520.09550
23233.80231
306.43973
32314.64684
34284.31895
22515.07279
