24462.74534
23169.86080
29197.19276
0.00000
268.63203
22508.36610
455.45935
22030.18196
28039.95115
23789.44530
34548.14001
19872.07847
407.49081
250.49972
125.30645
22104.40362
24593.92450
487.79914
24085.58834
23257.45211
25841.00868
302.07188
23449.04265
24688.53303
382.62863
35134.39054
194.43221
25001.43905
19953.52770
22350.30362
23233.80231
22628.73407
24321.62646
112.92475
18444.55643
130.13839
252.27050
33027.00394
25024.83858
306.43973
338.46597
329.72178
30568.39441
34144.51258
24461.80551
24181.88238
27187.85963
25044.17378
26030.33968
24805.53493
28232.20104
22954.12328
0.00000
22418.54333
24520.09550
457.90001
22046.23512
374.48557
24292.68623
23350.52460
33088.40843
23096.51172
32314.64684
25115.08937
22515.07279
286.45254
24745.73045
294.61683
400.71644
25572.78422
35904.05872
394.44930
365.96170
19361.63157
0.00000
24629.74690
20372.08476
23275.57436
570.51315
19674.47944
20521.64147
319.60485
20544.32329
29870.13099
35359.09730
23812.97131
24684.05667
25075.25671
23032.33012
0.00000
24296.11625
140.65561
19573.61565
91.41116
32621.08328
127.31064
32675.40296
22059.09756
28260.26305
24234.59266
28967.73910
32207.85848
88.56636
0.00000
22129.17680
23839.75106
20068.07243
31226.59475
263.84330
315.21671
456.97725
457.72740
22159.04535
19239.09929
24470.10984
25043.70578
23957.69717
390.16651
0.00000
20969.95151
509.35931
24554.44867
29379.87610
31055.50527
313.48430
22732.26677
24343.36745
34284.31895
540.34645
23041.18378
297.37027
369.12307
30624.52502
225.39990
22042.99842
