7
10
572643 5 684
563521 5 684
548078 5 684
661904 5 684
921308 5 684
566109 5 684
663351 5 684
304178 5 684
386654 5 684
512531 5 684
19
983605 201 5134
670464 201 5134
145808 201 5134
52292 201 5134
788695 201 5134
721167 201 5134
524887 201 5134
989373 201 5134
976583 201 5134
859722 201 5134
411036 201 5134
630768 201 5134
886353 201 5134
741818 201 5134
153663 201 5134
399114 201 5134
423406 201 5134
409738 201 5134
79092 201 5134
10
5 5 6
1 1 2
6 6 7
2 2 3
8 8 9
3 3 4
4 4 5
10 10 11
9 9 10
7 7 8
20
10 20 26
13 8 23
47 20 47
49 6 22
43 7 34
1 18 48
38 7 15
12 3 47
44 5 13
42 43 44
41 13 35
46 45 50
24 27 39
9 1 32
6 18 36
40 29 30
27 45 48
22 11 15
16 6 17
3 40 49
1
1 1 2
10
20 1 15
17 2 11
15 3 16
3 9 14
14 9 16
18 4 9
6 8 17
13 10 18
12 7 13
5 17 19
20
1 1 2
6 6 7
15 15 16
9 9 10
18 18 19
17 17 18
7 7 8
8 8 9
3 3 4
19 19 20
2 2 3
13 13 14
11 11 12
12 12 13
14 14 15
4 4 5
5 5 6
20 20 21
16 16 17
10 10 11
