17
20
1 1 2
6 6 7
15 15 16
9 9 10
18 18 19
17 17 18
7 7 8
8 8 9
3 3 4
19 19 20
2 2 3
13 13 14
11 11 12
12 12 13
14 14 15
4 4 5
5 5 6
20 20 21
16 16 17
10 10 11
20
10 20 26
13 8 23
47 20 47
49 6 22
43 7 34
1 18 48
38 7 15
12 3 47
44 5 13
42 43 44
41 13 35
46 45 50
24 27 39
9 1 32
6 18 36
40 29 30
27 45 48
22 11 15
16 6 17
3 40 49
300
3186 3205 4988
1277 1931 2217
1711 1415 1952
782 4122 4486
2802 999 1622
4059 2572 3696
3695 4462 4728
207 3821 3947
4462 339 952
4156 71 98
219 2099 2426
2291 2873 3412
408 387 4240
1417 120 134
616 2616 4792
2714 669 3032
2596 75 4081
514 1386 1594
915 546 4682
4121 3185 3454
3813 2545 4564
2526 754 3427
1056 107 488
2751 2250 2806
2111 3143 3375
743 2205 4494
4687 754 2591
2865 981 3536
4180 4283 4934
3485 3501 3562
4539 2137 4058
1952 4694 4999
3369 1521 3417
4920 3452 3454
1636 1644 2623
2312 3233 4458
1224 401 2827
4752 1288 4392
4948 364 3146
3985 2876 4853
358 2763 4802
4488 1610 4616
1204 349 3098
2728 1341 1813
156 343 2942
1532 905 3304
1366 2170 2201
2653 2057 4483
2480 3200 3453
2896 1995 2541
4250 4471 4516
3108 2612 4361
3288 75 4387
120 2120 4891
3309 2086 3977
605 2338 4670
2299 2197 4140
2944 3105 4801
3570 1103 4077
1531 3577 3824
4649 623 2170
4334 1839 2527
1473 3328 4460
4791 3624 4327
1667 778 2965
470 828 1653
267 1485 2261
3965 2214 2965
660 20 689
1807 3426 4429
3579 4394 4934
3939 93 3272
909 4326 4897
4737 128 2353
143 1614 3879
651 663 2120
4263 1361 4750
4231 2056 4970
1674 2089 3282
3564 2139 4143
509 877 3940
4914 477 1811
4439 566 2194
2071 1057 4489
550 566 2005
4663 264 4003
592 1080 4956
3668 1134 2537
4125 1068 1482
1863 1695 2320
4388 1272 1519
3517 3279 4052
3003 1359 4328
628 1402 1960
2338 2298 4574
2151 2344 3584
1298 458 4143
1689 187 3831
4537 109 3084
2623 388 2828
4777 2 1303
4024 555 3384
4794 579 1612
4553 989 4823
901 1209 3217
4451 209 2933
3786 1481 3163
3024 916 1666
2524 314 4990
990 2736 3311
2683 393 2669
3299 1023 2985
2273 1704 1838
186 2277 3662
1665 2490 3068
332 1661 1991
3725 511 1066
2306 1410 3558
1399 707 2999
1425 2770 3857
2139 261 887
1535 411 499
3978 3114 3226
2389 1535 2616
2425 2383 4500
2989 2573 2635
115 1740 2694
3358 3152 3595
1716 889 968
3253 2712 4668
2832 341 2961
1958 2068 3002
3235 1543 4700
3483 637 1597
1 56 885
908 2288 3501
880 3917 4182
2384 2958 3208
3061 524 2780
4699 1455 2361
4340 964 1604
4256 2220 3482
60 3653 4538
1800 4525 4619
1050 808 1450
4923 2553 3254
2356 1918 4724
1614 859 1062
4479 2535 3990
270 1703 3706
4361 3766 4556
1534 1477 4708
894 2169 3539
3050 393 725
2431 451 2569
229 1396 1498
1836 161 3656
534 2532 2762
1677 3071 4050
3416 1488 4523
317 2580 3755
2411 504 1462
928 1602 3748
2193 2792 4151
3254 3365 3489
4771 2136 4448
600 1078 2210
2477 768 1972
4955 665 1128
1039 1257 1544
4674 3052 3402
4781 4217 4263
2008 2484 3589
2465 725 2102
3694 876 1842
4935 171 3047
1794 818 2391
3953 1975 4629
1600 2636 4623
1197 75 257
1421 4293 4941
1955 46 4280
4434 1245 2490
1210 3361 4427
4053 2656 4461
1725 688 2677
1510 439 2909
4082 3507 4334
4032 13 2679
2763 1480 4734
630 1573 4853
913 670 743
3496 789 4621
4837 2574 4190
3878 1478 3616
3240 818 1540
3923 1503 3545
349 768 3345
886 1295 2503
4182 1850 4332
765 766 4673
1452 1179 2681
1290 539 2068
2952 3922 4675
2487 2259 4916
2303 364 4015
474 2846 4228
2340 2952 4927
4820 766 3029
4210 1271 4346
2783 2724 2758
2429 4571 4665
4685 2268 3499
1014 3460 3690
3868 800 4927
3669 354 412
1684 1724 3292
847 1149 2087
1786 981 4519
4918 3445 4730
973 3149 4420
2720 1689 1752
1441 1121 2957
2345 896 2912
1547 1157 3482
893 1287 4858
4711 2161 4196
1839 467 4081
76 24 3457
141 857 2701
2606 2028 4338
598 237 4258
2494 1150 2831
3821 3194 3769
4320 4392 4404
1676 4811 4937
916 1750 2393
3228 3167 4094
4449 1021 4799
2700 1199 4966
686 318 4669
4088 2756 2942
4739 113 574
3524 153 985
3800 255 2374
2793 422 1314
3740 2107 2401
1006 1133 1785
2840 279 4305
3275 3217 3483
1326 50 4262
4859 4755 4798
1454 386 2918
1127 1170 3773
4077 1736 2713
2003 1486 2974
4324 629 4431
3404 55 4931
3902 3608 4491
2931 1431 2415
4158 4232 4367
1895 887 4690
2685 164 1129
4919 2379 4604
1875 1945 2906
3294 477 2603
217 3387 3516
1926 856 859
643 1335 2953
4100 790 2804
4191 1870 4962
1744 19 2663
1770 1163 4706
519 1163 1720
3610 1272 4588
1878 321 4544
4582 3280 4462
582 2549 4929
4454 1622 2208
1704 2148 4656
2279 1849 3776
1490 282 3450
4234 1648 3834
1493 724 3206
3270 851 2314
2771 760 1662
542 1941 3061
4245 2308 3525
2246 1975 2593
1041 2872 4850
3150 1070 2358
1562 3009 4571
3138 2817 3837
2569 1946 1986
4740 723 3718
1149 2342 4408
850 1779 2744
1099 951 2168
3374 2387 3056
2223 422 3403
300
130 130 131
159 159 160
18 18 19
7 7 8
84 84 85
26 26 27
13 13 14
140 140 141
143 143 144
265 265 266
181 181 182
123 123 124
241 241 242
94 94 95
76 76 77
281 281 282
2 2 3
14 14 15
1 1 2
260 260 261
72 72 73
4 4 5
96 96 97
51 51 52
121 121 122
193 193 194
191 191 192
197 197 198
20 20 21
226 226 227
208 208 209
161 161 162
27 27 28
199 199 200
217 217 218
45 45 46
63 63 64
223 223 224
240 240 241
196 196 197
32 32 33
236 236 237
5 5 6
214 214 215
255 255 256
183 183 184
139 139 140
111 111 112
47 47 48
88 88 89
9 9 10
192 192 193
233 233 234
107 107 108
262 262 263
261 261 262
21 21 22
276 276 277
230 230 231
184 184 185
204 204 205
268 268 269
164 164 165
103 103 104
122 122 123
274 274 275
293 293 294
136 136 137
56 56 57
110 110 111
46 46 47
102 102 103
128 128 129
43 43 44
172 172 173
258 258 259
42 42 43
77 77 78
153 153 154
55 55 56
170 170 171
38 38 39
221 221 222
175 175 176
144 144 145
52 52 53
100 100 101
158 158 159
295 295 296
220 220 221
188 188 189
132 132 133
16 16 17
95 95 96
165 165 166
216 216 217
243 243 244
34 34 35
194 194 195
160 160 161
70 70 71
277 277 278
269 269 270
87 87 88
135 135 136
155 155 156
238 238 239
3 3 4
58 58 59
270 270 271
75 75 76
244 244 245
146 146 147
119 119 120
195 195 196
206 206 207
131 131 132
79 79 80
296 296 297
54 54 55
44 44 45
252 252 253
118 118 119
187 187 188
186 186 187
133 133 134
292 292 293
264 264 265
59 59 60
246 246 247
212 212 213
289 289 290
200 200 201
28 28 29
245 245 246
257 257 258
74 74 75
203 203 204
232 232 233
86 86 87
37 37 38
286 286 287
247 247 248
41 41 42
285 285 286
22 22 23
36 36 37
49 49 50
190 190 191
48 48 49
23 23 24
69 69 70
239 239 240
108 108 109
68 68 69
263 263 264
114 114 115
290 290 291
228 228 229
288 288 289
248 248 249
151 151 152
61 61 62
219 219 220
267 267 268
138 138 139
234 234 235
173 173 174
209 209 210
256 256 257
29 29 30
211 211 212
89 89 90
149 149 150
24 24 25
65 65 66
115 115 116
249 249 250
227 227 228
254 254 255
179 179 180
15 15 16
142 142 143
105 105 106
205 205 206
275 275 276
171 171 172
126 126 127
80 80 81
50 50 51
112 112 113
282 282 283
185 185 186
298 298 299
271 271 272
278 278 279
157 157 158
101 101 102
166 166 167
141 141 142
145 145 146
85 85 86
116 116 117
180 180 181
215 215 216
235 235 236
201 201 202
202 202 203
17 17 18
129 129 130
35 35 36
62 62 63
39 39 40
93 93 94
272 272 273
147 147 148
163 163 164
210 210 211
134 134 135
91 91 92
231 231 232
19 19 20
237 237 238
57 57 58
25 25 26
83 83 84
40 40 41
283 283 284
300 300 301
291 291 292
117 117 118
259 259 260
294 294 295
218 218 219
222 222 223
150 150 151
162 162 163
53 53 54
251 251 252
242 242 243
60 60 61
73 73 74
168 168 169
279 279 280
224 224 225
99 99 100
229 229 230
207 207 208
30 30 31
78 78 79
66 66 67
176 176 177
148 148 149
167 167 168
174 174 175
104 104 105
154 154 155
124 124 125
225 225 226
250 250 251
31 31 32
64 64 65
97 97 98
152 152 153
287 287 288
71 71 72
178 178 179
33 33 34
266 266 267
177 177 178
10 10 11
127 127 128
98 98 99
11 11 12
280 280 281
213 213 214
189 189 190
120 120 121
284 284 285
156 156 157
273 273 274
182 182 183
82 82 83
253 253 254
81 81 82
109 109 110
113 113 114
106 106 107
198 198 199
90 90 91
299 299 300
67 67 68
297 297 298
6 6 7
169 169 170
92 92 93
12 12 13
8 8 9
125 125 126
137 137 138
100
1477 1511 2865
2183 455 1696
46 1624 1950
2237 868 1652
1363 298 773
3069 1488 2462
2394 301 806
717 124 727
988 1103 2908
1560 1704 2756
1728 929 2777
1263 80 2355
1646 523 2135
3015 73 746
1866 2258 3003
1830 1045 1181
924 1567 1981
2936 1414 2233
1209 514 1120
97 2761 2890
2497 825 2602
1782 1175 2272
2682 1388 2682
1108 797 3136
2480 321 687
2524 1480 2492
905 792 1905
235 2063 2084
1226 96 1442
2084 331 2549
1806 1725 2421
2939 280 1826
2856 1030 2611
1655 1310 2543
464 2843 2964
1642 33 2167
3122 1000 1681
42 879 1398
925 1502 2619
2400 62 135
1491 2352 2940
115 2182 2795
458 92 1564
363 1511 2842
1075 468 1342
1059 324 858
1203 898 2836
1473 441 1605
44 2285 2948
632 2443 2789
941 766 3108
2840 887 2804
2990 634 2574
1407 249 1382
1204 1234 2545
1807 1829 2320
869 2541 3076
3039 440 684
316 846 2512
1058 132 2446
2190 468 2721
2973 197 1109
269 22 1851
2257 572 2208
1589 79 1394
2664 2259 3085
556 1739 2735
2197 1441 1881
2997 691 2258
1862 2169 2774
2902 1859 1923
178 158 942
3112 432 2283
1317 353 1610
137 863 1389
2833 495 1105
2430 2081 3016
1746 1077 2808
2687 412 2218
2298 665 2925
2060 472 1958
1930 932 2261
1610 1782 2737
2839 1446 1742
2137 951 2180
2507 91 649
2790 592 2412
735 1873 2287
2462 245 1280
11 2435 2491
1787 2317 2545
2538 2078 2945
986 1509 1977
397 1694 2849
1086 421 1605
818 457 2773
253 736 2626
968 363 763
1415 1008 2055
951 1889 2219
10
572643 5 684
563521 5 684
548078 5 684
661904 5 684
921308 5 684
566109 5 684
663351 5 684
304178 5 684
386654 5 684
512531 5 684
300
235 31 389
125 210 820
225 402 834
329 168 862
368 418 935
286 716 918
1129 272 947
1178 159 364
768 200 1200
91 384 714
602 84 1081
32 41 678
728 25 355
1055 74 931
149 317 1091
1015 658 1136
781 115 822
120 452 938
415 425 490
545 76 977
308 786 1139
587 170 1086
191 11 696
1188 6 742
887 379 426
959 275 462
931 537 972
537 219 688
629 736 785
542 105 1033
298 398 1034
733 971 972
672 299 704
665 666 902
1161 360 1128
450 519 1154
906 355 1187
377 717 1176
666 162 749
564 429 444
767 75 403
524 541 932
936 442 903
394 325 348
829 76 484
685 279 381
712 942 1095
405 317 531
384 686 807
843 327 703
1174 147 1059
533 26 1130
483 430 1069
1145 176 1036
562 59 1005
815 774 1195
1130 400 1147
700 7 566
1054 406 1024
11 597 881
216 635 922
559 117 711
1171 677 832
1175 731 1102
952 314 1078
576 1087 1155
203 443 1076
657 588 1066
231 551 579
466 623 882
454 83 87
366 719 999
193 75 782
1123 184 336
514 654 808
820 448 553
326 6 422
1195 63 183
505 681 988
771 531 652
928 473 993
861 751 802
899 868 1187
460 830 988
252 429 1090
898 368 380
1098 11 666
844 89 790
550 563 840
636 88 200
119 927 1067
520 145 310
523 78 81
556 891 1182
661 763 813
773 261 414
229 273 303
1082 599 933
516 1047 1096
763 48 910
978 369 389
1111 113 522
910 380 999
369 110 793
1072 404 1055
256 966 1072
991 46 1113
723 900 1013
623 362 652
1162 160 163
174 880 1081
333 308 368
51 245 751
1064 261 508
476 10 727
408 517 1027
834 17 218
280 248 520
379 624 776
610 707 743
306 892 1135
605 51 65
772 53 941
1069 410 944
885 462 1109
293 196 802
751 104 295
1005 566 1087
430 40 786
802 630 807
985 52 504
708 139 590
150 65 186
71 291 747
1154 182 342
941 893 1157
1186 193 1071
522 130 622
411 595 1058
210 467 504
330 598 1042
38 323 1180
1110 65 159
790 919 1028
447 210 926
613 943 1147
409 935 942
729 496 870
776 762 785
711 510 1178
580 205 333
97 23 1100
255 194 1130
37 38 742
202 539 955
299 823 1162
683 671 674
179 216 1077
397 350 829
744 139 237
474 401 604
671 420 454
940 660 1050
1146 400 1116
267 160 1131
1024 131 629
945 159 965
1167 246 323
15 53 980
1127 883 1096
46 282 453
981 42 1051
692 437 619
390 49 471
292 502 617
1164 29 241
502 338 1087
416 708 1114
1124 312 577
54 22 947
500 161 669
1088 480 567
789 62 869
1179 183 370
549 407 945
289 735 845
988 493 822
865 423 838
999 17 1040
548 1043 1101
278 128 809
1134 384 1094
761 367 705
85 971 1070
616 370 751
136 57 1035
498 944 1150
294 90 860
92 471 743
969 398 669
878 32 474
691 603 762
18 111 576
420 613 885
702 383 476
788 15 1152
1151 741 946
510 292 637
467 393 744
814 114 1047
966 295 1048
156 312 545
383 536 1027
842 783 1009
924 475 1180
938 594 1188
43 105 337
67 556 896
698 665 1004
965 906 1077
754 333 799
154 693 1108
479 1117 1134
445 539 914
571 211 1017
793 664 970
568 448 762
144 336 535
166 856 1175
572 605 818
758 658 913
1138 274 794
739 343 992
431 39 917
689 700 843
196 253 1102
262 43 792
176 126 222
1120 526 790
245 407 949
118 630 787
27 220 713
277 168 673
835 486 499
64 389 1025
428 570 930
1053 284 1190
1153 377 620
640 61 693
558 129 968
181 60 568
927 318 856
258 849 983
997 262 875
722 530 795
894 49 885
58 569 884
995 473 1197
175 357 897
1103 179 824
74 67 161
1189 28 960
1166 211 389
971 343 547
756 405 1098
904 364 374
836 286 754
1125 336 830
847 822 1058
78 167 562
127 914 940
989 384 442
433 215 482
604 274 967
1087 492 545
912 343 1050
840 633 903
341 266 520
854 601 1175
563 59 514
41 1043 1122
31 67 196
673 74 373
1045 854 1008
1032 72 1031
128 950 1039
760 472 681
155 405 959
473 180 414
1117 1031 1063
123 133 970
189 12 175
20 645 834
414 29 1094
980 376 708
365 940 997
1035 908 952
272 10 953
195 471 1105
1029 731 961
200
22 22 23
7 7 8
54 54 55
127 127 128
44 44 45
23 23 24
123 123 124
14 14 15
57 57 58
64 64 65
141 141 142
66 66 67
200 200 201
5 5 6
16 16 17
95 95 96
139 139 140
138 138 139
164 164 165
42 42 43
109 109 110
90 90 91
163 163 164
159 159 160
116 116 117
60 60 61
193 193 194
33 33 34
84 84 85
73 73 74
185 185 186
154 154 155
188 188 189
55 55 56
199 199 200
111 111 112
24 24 25
186 186 187
62 62 63
70 70 71
47 47 48
184 184 185
25 25 26
151 151 152
177 177 178
41 41 42
46 46 47
112 112 113
162 162 163
175 175 176
172 172 173
171 171 172
133 133 134
30 30 31
105 105 106
146 146 147
83 83 84
165 165 166
135 135 136
89 89 90
170 170 171
101 101 102
134 134 135
59 59 60
50 50 51
4 4 5
110 110 111
10 10 11
82 82 83
19 19 20
129 129 130
122 122 123
74 74 75
173 173 174
38 38 39
131 131 132
191 191 192
197 197 198
145 145 146
58 58 59
69 69 70
178 178 179
121 121 122
98 98 99
198 198 199
161 161 162
80 80 81
37 37 38
168 168 169
190 190 191
11 11 12
104 104 105
56 56 57
156 156 157
183 183 184
148 148 149
103 103 104
113 113 114
119 119 120
150 150 151
155 155 156
152 152 153
79 79 80
107 107 108
180 180 181
49 49 50
144 144 145
76 76 77
63 63 64
130 130 131
93 93 94
31 31 32
75 75 76
102 102 103
117 117 118
65 65 66
167 167 168
43 43 44
115 115 116
51 51 52
181 181 182
18 18 19
143 143 144
120 120 121
147 147 148
17 17 18
125 125 126
6 6 7
182 182 183
52 52 53
100 100 101
28 28 29
196 196 197
8 8 9
136 136 137
13 13 14
132 132 133
124 124 125
153 153 154
81 81 82
149 149 150
78 78 79
20 20 21
1 1 2
176 176 177
36 36 37
195 195 196
157 157 158
26 26 27
53 53 54
158 158 159
9 9 10
179 179 180
68 68 69
96 96 97
71 71 72
29 29 30
128 128 129
126 126 127
187 187 188
67 67 68
27 27 28
12 12 13
114 114 115
192 192 193
88 88 89
48 48 49
94 94 95
108 108 109
189 189 190
3 3 4
39 39 40
97 97 98
87 87 88
35 35 36
99 99 100
40 40 41
32 32 33
160 160 161
142 142 143
169 169 170
118 118 119
106 106 107
34 34 35
86 86 87
91 91 92
140 140 141
85 85 86
174 174 175
92 92 93
72 72 73
45 45 46
61 61 62
77 77 78
194 194 195
21 21 22
2 2 3
15 15 16
166 166 167
137 137 138
300
929316 23 24
788354 23 24
148593 23 24
796790 23 24
950022 23 24
720204 23 24
398565 23 24
89206 23 24
507924 23 24
204758 23 24
618230 23 24
581674 23 24
918194 23 24
886958 23 24
747491 23 24
237788 23 24
209564 23 24
801610 23 24
768090 23 24
851471 23 24
993703 23 24
271758 23 24
545868 23 24
315037 23 24
810470 23 24
500880 23 24
483733 23 24
45969 23 24
336349 23 24
215509 23 24
885580 23 24
29516 23 24
299771 23 24
45861 23 24
126994 23 24
700349 23 24
380963 23 24
221858 23 24
105722 23 24
167390 23 24
755457 23 24
69430 23 24
481724 23 24
43749 23 24
813253 23 24
286725 23 24
503045 23 24
199013 23 24
95307 23 24
814717 23 24
212092 23 24
538747 23 24
736029 23 24
267156 23 24
330548 23 24
594229 23 24
256179 23 24
509730 23 24
364299 23 24
873460 23 24
847738 23 24
327222 23 24
342628 23 24
269665 23 24
117231 23 24
484001 23 24
8265 23 24
462229 23 24
25266 23 24
253239 23 24
861843 23 24
680930 23 24
834650 23 24
691631 23 24
628637 23 24
427577 23 24
395464 23 24
11388 23 24
680775 23 24
412619 23 24
137675 23 24
409926 23 24
58655 23 24
304160 23 24
705146 23 24
762676 23 24
994170 23 24
201779 23 24
401653 23 24
894465 23 24
783524 23 24
946496 23 24
376391 23 24
117675 23 24
940112 23 24
520900 23 24
125699 23 24
690313 23 24
976403 23 24
301776 23 24
390217 23 24
608383 23 24
523382 23 24
135517 23 24
193318 23 24
239265 23 24
255957 23 24
893015 23 24
901208 23 24
771508 23 24
560695 23 24
540811 23 24
196436 23 24
638453 23 24
578124 23 24
720846 23 24
42003 23 24
247717 23 24
386140 23 24
599794 23 24
819610 23 24
322805 23 24
75814 23 24
628874 23 24
452974 23 24
254655 23 24
997389 23 24
763723 23 24
438800 23 24
356142 23 24
473380 23 24
911322 23 24
95237 23 24
217139 23 24
869283 23 24
971269 23 24
230965 23 24
67299 23 24
238095 23 24
981436 23 24
1242 23 24
494970 23 24
619101 23 24
132156 23 24
172320 23 24
743178 23 24
588764 23 24
621415 23 24
178715 23 24
423521 23 24
64428 23 24
911613 23 24
591028 23 24
622103 23 24
908457 23 24
196668 23 24
44481 23 24
282895 23 24
89175 23 24
580993 23 24
860172 23 24
33598 23 24
395299 23 24
259074 23 24
408217 23 24
194407 23 24
817243 23 24
134348 23 24
713907 23 24
958448 23 24
454717 23 24
947616 23 24
103033 23 24
355446 23 24
531560 23 24
39653 23 24
628060 23 24
755936 23 24
44728 23 24
505553 23 24
101001 23 24
334661 23 24
522471 23 24
281863 23 24
934388 23 24
966561 23 24
942744 23 24
499721 23 24
918716 23 24
430341 23 24
475273 23 24
914273 23 24
38204 23 24
117076 23 24
241119 23 24
865870 23 24
906488 23 24
888603 23 24
452943 23 24
949719 23 24
643104 23 24
972650 23 24
964668 23 24
960345 23 24
263803 23 24
357394 23 24
728469 23 24
621389 23 24
902700 23 24
8561 23 24
98049 23 24
239508 23 24
276172 23 24
26160 23 24
555523 23 24
495468 23 24
77609 23 24
626764 23 24
589324 23 24
274764 23 24
792345 23 24
844267 23 24
233192 23 24
276413 23 24
495133 23 24
77664 23 24
470206 23 24
964344 23 24
757953 23 24
195733 23 24
971616 23 24
389075 23 24
673053 23 24
771449 23 24
495276 23 24
528564 23 24
943660 23 24
311308 23 24
568904 23 24
8374 23 24
468396 23 24
877634 23 24
493070 23 24
73985 23 24
825262 23 24
22506 23 24
999981 23 24
524592 23 24
705709 23 24
573689 23 24
254128 23 24
425248 23 24
501232 23 24
506235 23 24
361190 23 24
135920 23 24
306257 23 24
300541 23 24
437062 23 24
447662 23 24
921233 23 24
63153 23 24
991426 23 24
493487 23 24
663697 23 24
458325 23 24
932968 23 24
116846 23 24
842064 23 24
619185 23 24
111892 23 24
544139 23 24
937235 23 24
413670 23 24
563762 23 24
819418 23 24
768362 23 24
320080 23 24
665905 23 24
67166 23 24
605156 23 24
790061 23 24
988429 23 24
880971 23 24
247624 23 24
387321 23 24
379582 23 24
729435 23 24
876103 23 24
839466 23 24
296290 23 24
445969 23 24
754150 23 24
411321 23 24
935240 23 24
129361 23 24
60304 23 24
621509 23 24
300445 23 24
870526 23 24
300
407960 3252 23581
433907 3252 23581
769902 3252 23581
636279 3252 23581
417031 3252 23581
521849 3252 23581
161769 3252 23581
783332 3252 23581
526540 3252 23581
456238 3252 23581
774691 3252 23581
382540 3252 23581
232626 3252 23581
727215 3252 23581
757022 3252 23581
701308 3252 23581
621923 3252 23581
743104 3252 23581
700035 3252 23581
756732 3252 23581
597952 3252 23581
762636 3252 23581
233239 3252 23581
825878 3252 23581
495132 3252 23581
37907 3252 23581
550928 3252 23581
405275 3252 23581
747935 3252 23581
861270 3252 23581
604373 3252 23581
79205 3252 23581
402631 3252 23581
117521 3252 23581
580979 3252 23581
49494 3252 23581
286920 3252 23581
3912 3252 23581
872392 3252 23581
270003 3252 23581
736232 3252 23581
509220 3252 23581
801620 3252 23581
806770 3252 23581
373819 3252 23581
64115 3252 23581
607289 3252 23581
494874 3252 23581
74039 3252 23581
170777 3252 23581
55235 3252 23581
85625 3252 23581
720224 3252 23581
756122 3252 23581
189932 3252 23581
293723 3252 23581
156575 3252 23581
905353 3252 23581
457311 3252 23581
107843 3252 23581
327080 3252 23581
841749 3252 23581
79045 3252 23581
104682 3252 23581
100805 3252 23581
850067 3252 23581
100995 3252 23581
105563 3252 23581
72152 3252 23581
355677 3252 23581
588068 3252 23581
682769 3252 23581
802546 3252 23581
101300 3252 23581
26017 3252 23581
263599 3252 23581
308701 3252 23581
660942 3252 23581
918220 3252 23581
80466 3252 23581
335459 3252 23581
676445 3252 23581
37857 3252 23581
880434 3252 23581
474236 3252 23581
551225 3252 23581
778334 3252 23581
723811 3252 23581
446122 3252 23581
855410 3252 23581
417463 3252 23581
634319 3252 23581
443635 3252 23581
454507 3252 23581
312298 3252 23581
737999 3252 23581
4947 3252 23581
590996 3252 23581
29829 3252 23581
620454 3252 23581
808091 3252 23581
241971 3252 23581
207667 3252 23581
430468 3252 23581
88668 3252 23581
753019 3252 23581
761277 3252 23581
705989 3252 23581
817250 3252 23581
318706 3252 23581
217540 3252 23581
297780 3252 23581
365615 3252 23581
182959 3252 23581
890497 3252 23581
819587 3252 23581
511772 3252 23581
886349 3252 23581
316479 3252 23581
778338 3252 23581
637077 3252 23581
480292 3252 23581
299263 3252 23581
888325 3252 23581
547710 3252 23581
963134 3252 23581
302880 3252 23581
478606 3252 23581
692945 3252 23581
78040 3252 23581
411209 3252 23581
48666 3252 23581
811335 3252 23581
681850 3252 23581
876473 3252 23581
825388 3252 23581
716128 3252 23581
320569 3252 23581
927622 3252 23581
507706 3252 23581
748714 3252 23581
313447 3252 23581
631120 3252 23581
212533 3252 23581
162915 3252 23581
986337 3252 23581
9250 3252 23581
363830 3252 23581
776860 3252 23581
960673 3252 23581
164825 3252 23581
335840 3252 23581
633358 3252 23581
537639 3252 23581
878784 3252 23581
666148 3252 23581
278658 3252 23581
393316 3252 23581
760204 3252 23581
726057 3252 23581
298512 3252 23581
744399 3252 23581
659338 3252 23581
641211 3252 23581
793494 3252 23581
291170 3252 23581
308212 3252 23581
275193 3252 23581
202949 3252 23581
764536 3252 23581
654503 3252 23581
61112 3252 23581
771276 3252 23581
440816 3252 23581
939819 3252 23581
252650 3252 23581
234228 3252 23581
811388 3252 23581
167811 3252 23581
738239 3252 23581
943520 3252 23581
64536 3252 23581
695871 3252 23581
159326 3252 23581
242260 3252 23581
164021 3252 23581
846848 3252 23581
752215 3252 23581
827033 3252 23581
335299 3252 23581
600338 3252 23581
480266 3252 23581
317144 3252 23581
169825 3252 23581
811158 3252 23581
348748 3252 23581
182153 3252 23581
328164 3252 23581
274389 3252 23581
867643 3252 23581
867019 3252 23581
778445 3252 23581
862853 3252 23581
396990 3252 23581
261617 3252 23581
630984 3252 23581
415341 3252 23581
928289 3252 23581
195074 3252 23581
71435 3252 23581
9384 3252 23581
471596 3252 23581
704418 3252 23581
383112 3252 23581
45676 3252 23581
855999 3252 23581
585642 3252 23581
375249 3252 23581
123947 3252 23581
883695 3252 23581
734680 3252 23581
828603 3252 23581
156767 3252 23581
838649 3252 23581
324755 3252 23581
213233 3252 23581
918069 3252 23581
716182 3252 23581
967177 3252 23581
196385 3252 23581
671892 3252 23581
456866 3252 23581
849228 3252 23581
321098 3252 23581
303956 3252 23581
330223 3252 23581
416583 3252 23581
817432 3252 23581
733285 3252 23581
829621 3252 23581
980435 3252 23581
200388 3252 23581
196486 3252 23581
305364 3252 23581
603846 3252 23581
154696 3252 23581
779462 3252 23581
385224 3252 23581
504574 3252 23581
145909 3252 23581
946698 3252 23581
843639 3252 23581
292654 3252 23581
877818 3252 23581
382236 3252 23581
234628 3252 23581
687734 3252 23581
444373 3252 23581
144848 3252 23581
794548 3252 23581
591834 3252 23581
901263 3252 23581
24432 3252 23581
952186 3252 23581
667100 3252 23581
681486 3252 23581
453788 3252 23581
586123 3252 23581
892715 3252 23581
940817 3252 23581
534580 3252 23581
300308 3252 23581
417605 3252 23581
234141 3252 23581
300932 3252 23581
742158 3252 23581
515111 3252 23581
300876 3252 23581
218446 3252 23581
628608 3252 23581
614796 3252 23581
656829 3252 23581
678201 3252 23581
717515 3252 23581
528910 3252 23581
225315 3252 23581
79346 3252 23581
376723 3252 23581
529307 3252 23581
538105 3252 23581
699868 3252 23581
438843 3252 23581
288974 3252 23581
816867 3252 23581
308541 3252 23581
370868 3252 23581
616569 3252 23581
898870 3252 23581
507659 3252 23581
278816 3252 23581
300
200197 1384 87894
492824 1384 87894
611171 1384 87894
997475 1384 87894
991141 1384 87894
486375 1384 87894
901900 1384 87894
376967 1384 87894
799802 1384 87894
632704 1384 87894
573251 1384 87894
712516 1384 87894
396327 1384 87894
54436 1384 87894
127700 1384 87894
432983 1384 87894
283280 1384 87894
701264 1384 87894
625896 1384 87894
178491 1384 87894
841598 1384 87894
304563 1384 87894
71958 1384 87894
270281 1384 87894
147238 1384 87894
563981 1384 87894
262716 1384 87894
91475 1384 87894
798984 1384 87894
821961 1384 87894
631729 1384 87894
117942 1384 87894
849116 1384 87894
360015 1384 87894
843086 1384 87894
194988 1384 87894
329437 1384 87894
376866 1384 87894
848663 1384 87894
285578 1384 87894
47246 1384 87894
645410 1384 87894
395778 1384 87894
53537 1384 87894
534090 1384 87894
890940 1384 87894
391518 1384 87894
334935 1384 87894
71354 1384 87894
829906 1384 87894
431562 1384 87894
779919 1384 87894
990676 1384 87894
177446 1384 87894
803711 1384 87894
487149 1384 87894
451123 1384 87894
581141 1384 87894
923352 1384 87894
974370 1384 87894
284899 1384 87894
40236 1384 87894
107254 1384 87894
493455 1384 87894
773294 1384 87894
242659 1384 87894
122464 1384 87894
639257 1384 87894
133952 1384 87894
927525 1384 87894
420733 1384 87894
301913 1384 87894
92099 1384 87894
708766 1384 87894
88406 1384 87894
171875 1384 87894
171450 1384 87894
188565 1384 87894
677292 1384 87894
558967 1384 87894
140247 1384 87894
226310 1384 87894
565318 1384 87894
50193 1384 87894
464021 1384 87894
333855 1384 87894
668528 1384 87894
601579 1384 87894
11770 1384 87894
750219 1384 87894
488740 1384 87894
882246 1384 87894
558895 1384 87894
153685 1384 87894
396546 1384 87894
299996 1384 87894
786753 1384 87894
583948 1384 87894
187040 1384 87894
965174 1384 87894
722732 1384 87894
269916 1384 87894
138222 1384 87894
407259 1384 87894
30391 1384 87894
621767 1384 87894
98613 1384 87894
924837 1384 87894
270154 1384 87894
298214 1384 87894
918720 1384 87894
138984 1384 87894
93637 1384 87894
244071 1384 87894
226740 1384 87894
199249 1384 87894
739648 1384 87894
448425 1384 87894
199113 1384 87894
170929 1384 87894
599632 1384 87894
736864 1384 87894
293687 1384 87894
114898 1384 87894
831496 1384 87894
305477 1384 87894
992167 1384 87894
690225 1384 87894
841064 1384 87894
40065 1384 87894
339769 1384 87894
434425 1384 87894
304569 1384 87894
345441 1384 87894
47410 1384 87894
674883 1384 87894
620096 1384 87894
683407 1384 87894
760455 1384 87894
51967 1384 87894
866295 1384 87894
744331 1384 87894
790927 1384 87894
446386 1384 87894
676061 1384 87894
621593 1384 87894
565826 1384 87894
354115 1384 87894
345930 1384 87894
391887 1384 87894
57690 1384 87894
44041 1384 87894
331718 1384 87894
270332 1384 87894
727014 1384 87894
325549 1384 87894
535805 1384 87894
928995 1384 87894
325498 1384 87894
488321 1384 87894
596666 1384 87894
376113 1384 87894
284750 1384 87894
241042 1384 87894
554694 1384 87894
987302 1384 87894
420996 1384 87894
935460 1384 87894
506584 1384 87894
150531 1384 87894
876897 1384 87894
765763 1384 87894
324170 1384 87894
99900 1384 87894
963383 1384 87894
334927 1384 87894
686432 1384 87894
616662 1384 87894
837509 1384 87894
414784 1384 87894
66400 1384 87894
92321 1384 87894
406808 1384 87894
949898 1384 87894
529747 1384 87894
391634 1384 87894
902724 1384 87894
683465 1384 87894
201773 1384 87894
344790 1384 87894
115403 1384 87894
593482 1384 87894
337364 1384 87894
350636 1384 87894
948451 1384 87894
228140 1384 87894
353255 1384 87894
787296 1384 87894
110300 1384 87894
759035 1384 87894
941001 1384 87894
206849 1384 87894
713 1384 87894
780568 1384 87894
609715 1384 87894
951734 1384 87894
560766 1384 87894
631064 1384 87894
399431 1384 87894
106427 1384 87894
25340 1384 87894
578201 1384 87894
714319 1384 87894
203424 1384 87894
101247 1384 87894
367823 1384 87894
781901 1384 87894
595533 1384 87894
159937 1384 87894
941873 1384 87894
627938 1384 87894
531050 1384 87894
239351 1384 87894
754477 1384 87894
444515 1384 87894
261170 1384 87894
736054 1384 87894
183400 1384 87894
390519 1384 87894
616063 1384 87894
198845 1384 87894
838670 1384 87894
17570 1384 87894
223303 1384 87894
589529 1384 87894
338620 1384 87894
49715 1384 87894
995626 1384 87894
788939 1384 87894
979828 1384 87894
170707 1384 87894
964484 1384 87894
490857 1384 87894
419427 1384 87894
164962 1384 87894
913226 1384 87894
102525 1384 87894
188324 1384 87894
64964 1384 87894
911359 1384 87894
88074 1384 87894
274342 1384 87894
174081 1384 87894
175461 1384 87894
893509 1384 87894
957064 1384 87894
651695 1384 87894
377726 1384 87894
389247 1384 87894
881686 1384 87894
385415 1384 87894
475146 1384 87894
852906 1384 87894
955413 1384 87894
897119 1384 87894
480367 1384 87894
685238 1384 87894
716551 1384 87894
556296 1384 87894
187522 1384 87894
866272 1384 87894
696757 1384 87894
444399 1384 87894
825030 1384 87894
923292 1384 87894
861274 1384 87894
941475 1384 87894
601819 1384 87894
806542 1384 87894
500444 1384 87894
982285 1384 87894
396170 1384 87894
860999 1384 87894
19747 1384 87894
613550 1384 87894
837497 1384 87894
339788 1384 87894
974687 1384 87894
45828 1384 87894
638316 1384 87894
662587 1384 87894
815172 1384 87894
797505 1384 87894
995346 1384 87894
655488 1384 87894
647594 1384 87894
256451 1384 87894
840540 1384 87894
829091 1384 87894
400855 1384 87894
300
814 360 2459
491 1891 2754
2432 1565 1690
1456 984 1001
192 500 2203
1850 200 1178
1427 1933 1945
479 196 2261
451 1009 2503
760 323 1815
2384 716 2554
905 845 971
1641 1339 2461
2891 2526 2656
2628 66 1810
2501 1018 2820
2826 333 699
1480 62 895
2878 565 2403
626 1271 2859
1543 1141 2855
1477 1583 2985
748 345 773
1377 1459 2490
943 1190 2614
2095 1125 2297
1701 2112 2869
415 625 724
1932 2315 2887
2460 1107 2732
2550 1024 1321
1630 2273 2643
2717 364 1045
271 2525 2789
511 772 2021
842 513 2438
668 998 1874
1681 1074 1127
2549 108 2711
1806 1801 2151
1015 275 2257
365 21 514
2656 71 1630
2215 736 2902
2049 335 1061
1809 333 1173
509 803 2175
934 904 2776
1976 2509 2726
2562 1245 2208
1619 1149 2431
2657 1940 2851
2799 950 1454
367 993 2066
2375 498 1787
176 1840 2003
1307 118 2352
954 288 1863
2074 1299 2122
1706 1224 2842
2872 301 1992
2916 1538 2477
376 1252 1620
1991 1372 2025
1843 1040 1577
2192 806 999
689 1301 2545
1173 232 1220
2831 2297 2788
229 972 1490
2426 509 2934
2614 1927 2190
2706 87 891
1999 734 2638
650 2000 2374
2014 34 887
2847 799 1604
292 339 2907
2455 1851 2016
2488 967 1531
2045 401 2115
785 394 1233
275 238 1216
752 1876 1916
1956 89 901
2313 1141 1562
2737 319 2509
2278 749 1058
1460 2475 2650
1501 779 1185
1108 142 2469
89 1036 1476
1521 806 2023
1220 767 2899
1080 104 926
854 967 1797
1949 230 1073
213 116 865
2552 1504 1911
640 480 2564
829 1344 2562
1352 681 1508
277 522 2775
1491 1635 1912
2949 307 2702
911 728 2785
1989 2129 2227
148 396 1049
43 1000 1742
605 1925 2352
2641 681 783
447 230 2707
2508 460 2532
1034 2108 2997
1983 1533 2440
1419 430 1383
1638 796 1396
891 86 2423
1395 1461 2455
1826 726 1341
633 832 1779
2267 1430 2144
610 298 2320
1766 882 2905
1360 1026 2982
1776 822 1418
374 137 672
2871 1278 1876
1676 715 774
809 119 2339
409 295 1231
2694 164 1601
2240 2249 2513
1153 898 1269
2626 176 1387
55 511 2123
1343 757 2880
935 980 2955
1299 430 2655
1179 1880 2558
2318 1759 2932
220 691 1538
348 1230 2384
1467 1597 1687
1790 328 2084
638 213 785
1331 138 1261
2173 1497 2710
682 1549 2671
99 1468 2513
2495 1054 2034
886 1855 2493
1450 73 2235
1896 654 2328
1271 1656 2554
1362 1539 1882
1326 860 1591
2566 616 851
510 146 387
1136 782 1899
758 1732 1879
2352 424 2196
22 394 1355
1270 790 2772
30 115 1661
1062 1790 2368
717 1301 2257
431 604 1806
1620 452 499
1374 2799 2983
2244 78 2972
608 2325 2662
885 1765 1974
1152 888 1652
2183 431 1408
2981 1811 2386
2094 2051 2558
2407 511 1483
506 575 1799
1587 2248 2683
1237 343 1859
325 2783 2945
1328 2860 2907
1541 413 2490
472 1055 1669
2925 2258 2858
2532 2072 2153
697 1685 2478
898 1142 2108
2024 1421 2167
2419 159 2277
179 798 1873
1899 99 2453
2139 608 2396
1434 918 1359
1725 106 199
2364 93 245
1646 2434 2948
1980 16 833
2745 1164 2433
806 236 300
1399 935 2617
2218 2195 2982
2250 1831 2183
2784 295 1903
789 1295 1385
1391 282 2173
2283 1323 1661
590 984 2771
826 42 2043
2699 651 2065
2588 2335 2776
225 836 1746
490 1548 1841
2354 949 2679
2314 507 2367
1076 1136 1693
1282 1201 2303
1975 67 2767
2170 873 2367
469 746 883
2032 147 2310
1571 331 1772
2869 7 469
2496 130 1883
454 2115 2543
950 633 2803
2644 2667 2910
287 142 787
2727 1719 2994
1761 1262 2055
321 308 1416
1332 732 2444
1335 2162 2605
579 912 2962
2301 1389 2674
2433 295 505
138 1083 2647
2038 1605 2176
1954 998 1490
646 10 887
1161 337 2985
1742 351 1162
601 1192 1631
1305 2675 2973
2288 1445 2945
981 823 1888
776 1239 2517
1795 813 2496
2971 2129 2139
1570 167 1865
1540 1964 2884
294 912 1774
485 352 1306
730 251 1362
683 1456 1527
1370 486 1494
36 2154 2219
1955 22 160
623 322 2556
535 1165 2362
578 1319 2084
551 1567 1873
204 342 1373
792 1125 1149
2126 158 209
216 1690 2712
2901 61 1675
731 876 2202
1891 1092 1928
825 760 2832
2822 1424 1595
1122 330 2194
1400 269 785
1973 2001 2159
369 96 2428
1244 873 1429
922 2039 2370
2932 1511 2403
2708 1274 1424
252 767 2632
1815 1068 1301
2531 1327 2905
2639 1245 2882
751 812 1188
243 2811 2887
2307 1564 2215
127 719 1514
1584 436 1686
1550 1671 2618
23 916 1380
2464 1481 2942
1283 789 1713
60 920 2065
1702 797 1389
2651 274 1554
404 1511 2886
1544 1739 2270
2525 280 499
283 1315 2910
300
130 130 131
159 159 160
18 18 19
7 7 8
84 84 85
26 26 27
13 13 14
140 140 141
143 143 144
265 265 266
181 181 182
123 123 124
241 241 242
94 94 95
76 76 77
281 281 282
2 2 3
14 14 15
1 1 2
260 260 261
72 72 73
4 4 5
96 96 97
51 51 52
121 121 122
193 193 194
191 191 192
197 197 198
20 20 21
226 226 227
208 208 209
161 161 162
27 27 28
199 199 200
217 217 218
45 45 46
63 63 64
223 223 224
240 240 241
196 196 197
32 32 33
236 236 237
5 5 6
214 214 215
255 255 256
183 183 184
139 139 140
111 111 112
47 47 48
88 88 89
9 9 10
192 192 193
233 233 234
107 107 108
262 262 263
261 261 262
21 21 22
276 276 277
230 230 231
184 184 185
204 204 205
268 268 269
164 164 165
103 103 104
122 122 123
274 274 275
293 293 294
136 136 137
56 56 57
110 110 111
46 46 47
102 102 103
128 128 129
43 43 44
172 172 173
258 258 259
42 42 43
77 77 78
153 153 154
55 55 56
170 170 171
38 38 39
221 221 222
175 175 176
144 144 145
52 52 53
100 100 101
158 158 159
295 295 296
220 220 221
188 188 189
132 132 133
16 16 17
95 95 96
165 165 166
216 216 217
243 243 244
34 34 35
194 194 195
160 160 161
70 70 71
277 277 278
269 269 270
87 87 88
135 135 136
155 155 156
238 238 239
3 3 4
58 58 59
270 270 271
75 75 76
244 244 245
146 146 147
119 119 120
195 195 196
206 206 207
131 131 132
79 79 80
296 296 297
54 54 55
44 44 45
252 252 253
118 118 119
187 187 188
186 186 187
133 133 134
292 292 293
264 264 265
59 59 60
246 246 247
212 212 213
289 289 290
200 200 201
28 28 29
245 245 246
257 257 258
74 74 75
203 203 204
232 232 233
86 86 87
37 37 38
286 286 287
247 247 248
41 41 42
285 285 286
22 22 23
36 36 37
49 49 50
190 190 191
48 48 49
23 23 24
69 69 70
239 239 240
108 108 109
68 68 69
263 263 264
114 114 115
290 290 291
228 228 229
288 288 289
248 248 249
151 151 152
61 61 62
219 219 220
267 267 268
138 138 139
234 234 235
173 173 174
209 209 210
256 256 257
29 29 30
211 211 212
89 89 90
149 149 150
24 24 25
65 65 66
115 115 116
249 249 250
227 227 228
254 254 255
179 179 180
15 15 16
142 142 143
105 105 106
205 205 206
275 275 276
171 171 172
126 126 127
80 80 81
50 50 51
112 112 113
282 282 283
185 185 186
298 298 299
271 271 272
278 278 279
157 157 158
101 101 102
166 166 167
141 141 142
145 145 146
85 85 86
116 116 117
180 180 181
215 215 216
235 235 236
201 201 202
202 202 203
17 17 18
129 129 130
35 35 36
62 62 63
39 39 40
93 93 94
272 272 273
147 147 148
163 163 164
210 210 211
134 134 135
91 91 92
231 231 232
19 19 20
237 237 238
57 57 58
25 25 26
83 83 84
40 40 41
283 283 284
300 300 301
291 291 292
117 117 118
259 259 260
294 294 295
218 218 219
222 222 223
150 150 151
162 162 163
53 53 54
251 251 252
242 242 243
60 60 61
73 73 74
168 168 169
279 279 280
224 224 225
99 99 100
229 229 230
207 207 208
30 30 31
78 78 79
66 66 67
176 176 177
148 148 149
167 167 168
174 174 175
104 104 105
154 154 155
124 124 125
225 225 226
250 250 251
31 31 32
64 64 65
97 97 98
152 152 153
287 287 288
71 71 72
178 178 179
33 33 34
266 266 267
177 177 178
10 10 11
127 127 128
98 98 99
11 11 12
280 280 281
213 213 214
189 189 190
120 120 121
284 284 285
156 156 157
273 273 274
182 182 183
82 82 83
253 253 254
81 81 82
109 109 110
113 113 114
106 106 107
198 198 199
90 90 91
299 299 300
67 67 68
297 297 298
6 6 7
169 169 170
92 92 93
12 12 13
8 8 9
125 125 126
137 137 138
19
983605 201 5134
670464 201 5134
145808 201 5134
52292 201 5134
788695 201 5134
721167 201 5134
524887 201 5134
989373 201 5134
976583 201 5134
859722 201 5134
411036 201 5134
630768 201 5134
886353 201 5134
741818 201 5134
153663 201 5134
399114 201 5134
423406 201 5134
409738 201 5134
79092 201 5134
10
20 1 15
17 2 11
15 3 16
3 9 14
14 9 16
18 4 9
6 8 17
13 10 18
12 7 13
5 17 19
10
5 5 6
1 1 2
6 6 7
2 2 3
8 8 9
3 3 4
4 4 5
10 10 11
9 9 10
7 7 8
1
1 1 2
