100
10
967 84 636 581 848 351 497 212 838 649
1 1 1 0 1 1 1 1 1 0
9
460 582 333 402 953 189 521 700 145
0 0 1 0 0 1 0 0 0
16
619 927 131 981 832 140 616 660 460 824 758 425 956 335 780 278
1 0 0 1 1 0 0 0 1 0 0 1 0 0 1 1
14
413 454 98 392 845 962 656 777 223 731 698 583 621 293
0 0 1 0 0 1 0 0 0 0 0 0 0 0
14
278 134 863 710 478 889 658 277 641 775 267 833 494 361
0 0 0 1 0 1 0 1 0 1 0 1 0 0
11
715 73 526 332 791 952 24 312 367 215 398
1 1 1 1 1 1 0 0 1 1 1
14
523 350 463 222 231 637 479 466 741 979 617 441 320 682
1 1 1 0 0 1 1 1 1 1 0 0 0 0
11
335 364 644 977 616 926 988 983 688 689 956
0 0 0 0 1 0 0 0 0 1 0
2
765 520
1 1
8
440 513 84 204 549 309 709 746
0 0 0 1 0 0 1 0
16
573 986 725 284 493 624 516 632 58 740 101 822 583 912 102 353
1 0 0 1 1 1 1 1 1 1 0 1 0 1 1 0
12
93 967 315 510 482 764 136 518 87 321 817 475
1 0 1 1 0 1 1 1 1 1 1 1
8
976 875 209 997 364 870 738 604
0 1 0 0 0 0 0 1
10
326 991 273 347 499 745 91 382 651 687
0 0 0 0 0 0 1 0 1 0
11
576 293 790 194 940 47 926 271 811 385 364
0 1 1 0 1 0 0 1 0 0 0
10
686 774 537 744 753 648 485 347 137 320
0 0 0 1 1 0 0 0 0 0
16
813 27 492 421 573 285 146 552 142 74 351 9 825 323 464 276
1 1 0 1 1 0 1 1 1 1 1 1 1 0 1 0
2
584 890
1 1
4
183 768 68 812
0 1 0 1
5
552 712 357 384 539
1 0 0 1 0
14
656 785 106 529 579 339 686 141 744 62 315 904 517 543
0 1 1 0 1 0 0 1 0 0 0 1 1 1
12
58 339 260 475 715 682 60 19 178 338 37 476
0 0 0 0 0 0 1 0 0 0 1 0
7
826 7 268 923 959 48 198
1 0 0 0 0 1 0
11
511 633 811 348 530 262 968 868 132 841 226
0 0 1 1 1 0 0 0 1 0 0
11
577 86 197 559 901 789 736 252 267 621 613
1 0 1 1 0 1 0 0 0 1 1
9
951 150 131 325 534 202 789 502 312
1 0 0 0 0 0 1 0 0
14
391 934 703 609 596 178 415 352 601 352 311 637 98 654
0 0 1 1 1 1 0 1 1 0 1 0 0 1
3
187 342 497
1 1 0
16
254 876 14 962 558 355 138 200 448 566 121 8 225 652 250 379
0 1 1 1 1 1 0 1 1 1 1 1 1 1 1 1
16
395 644 588 501 106 75 941 166 911 764 915 363 408 753 517 582
0 0 0 0 0 0 0 0 0 0 0 1 0 0 1 0
10
414 295 154 950 654 302 358 34 245 250
0 1 0 1 1 0 1 1 1 0
11
199 292 985 436 137 508 175 724 474 991 818
1 0 0 1 0 0 0 0 0 0 0
5
398 612 727 269 68
1 0 0 1 0
16
602 510 284 593 178 88 442 605 548 569 646 139 287 646 40 48
1 0 1 1 1 0 1 1 0 1 1 1 1 1 1 1
13
999 359 125 306 56 168 555 642 388 22 665 818 349
1 1 1 1 1 1 1 1 1 0 0 1 1
16
742 877 141 466 570 686 487 244 22 398 55 494 305 592 447 270
1 1 1 1 0 1 1 0 1 0 1 1 0 1 1 0
16
886 311 79 898 688 146 314 912 353 91 76 487 366 607 669 994
1 1 0 0 0 0 0 0 0 1 1 1 1 1 0 1
12
871 295 896 581 997 295 121 96 475 227 638 284
0 1 1 0 0 0 0 0 0 1 0 0
11
442 471 331 154 767 455 85 369 483 958 813
1 0 0 0 0 0 1 0 0 0 0
16
978 667 649 558 364 924 41 961 300 906 72 140 773 885 562 489
0 1 0 0 0 1 0 0 0 0 0 0 0 0 0 0
13
418 922 161 867 395 573 85 837 86 663 427 908 393
0 0 0 0 0 0 0 0 1 0 1 0 0
16
555 861 928 796 700 339 190 174 262 343 528 301 298 428 288 421
1 1 0 1 1 1 1 1 1 1 1 0 1 0 0 1
10
2 305 8 524 377 966 564 56 822 52
0 0 1 0 0 1 1 0 0 1
15
996 931 417 248 478 457 476 982 663 980 845 982 362 491 978
1 1 1 1 0 1 0 0 1 1 1 1 0 0 0
10
972 875 680 855 884 147 920 557 957 509
1 0 1 0 1 0 1 0 1 1
4
875 46 978 615
0 1 0 1
9
567 521 850 684 69 379 416 822 479
0 1 0 0 0 0 0 0 0
7
129 768 309 436 528 679 484
0 1 0 1 0 0 0
8
968 654 509 278 592 681 325 721
0 1 0 0 0 0 0 1
16
514 817 480 270 407 155 457 519 79 173 278 210 40 71 229 927
0 1 1 1 1 1 1 0 1 1 1 1 1 1 1 1
15
451 429 216 343 944 836 829 352 23 319 721 987 142 108 744
1 0 0 1 1 1 1 0 0 0 0 1 0 0 0
11
673 133 936 263 695 162 996 346 500 83 87
0 0 0 0 0 0 0 0 0 0 0
2
95 176
1 1
16
807 187 357 312 219 628 5 906 520 836 553 603 884 820 503 405
0 1 1 0 1 1 0 0 0 0 0 1 0 0 0 0
5
559 286 940 975 91
0 1 0 1 0
4
514 743 820 729
0 0 1 1
6
861 146 90 748 882 423
0 0 0 0 1 1
16
330 25 670 129 760 618 178 457 432 593 210 29 524 434 340 963
1 1 1 1 1 1 1 1 1 1 1 1 1 1 1 1
16
181 359 235 875 797 588 903 864 669 141 401 157 887 792 86 385
1 1 0 1 0 0 1 1 1 1 1 0 1 0 1 1
3
873 116 883
1 0 1
16
625 225 331 753 784 483 159 664 791 645 900 428 194 949 358 364
1 1 0 0 0 0 0 0 0 0 1 0 0 0 1 0
16
308 795 257 449 40 353 589 13 716 467 569 91 483 684 866 643
1 1 1 0 1 0 0 1 1 1 1 1 1 1 1 0
15
768 339 861 751 390 796 359 204 836 901 648 211 491 86 481
0 1 0 1 1 0 0 0 1 1 1 1 1 1 0
16
954 665 705 409 707 375 882 672 916 64 251 338 215 719 607 923
0 1 1 1 0 1 0 1 1 1 0 1 0 0 1 1
16
545 917 334 18 963 500 843 916 687 208 487 418 88 952 741 949
1 1 1 1 1 0 1 1 1 1 1 1 1 1 1 1
10
818 582 434 371 994 255 345 989 599 967
1 0 0 0 0 0 1 0 0 0
16
652 913 671 317 74 460 2 256 188 634 226 138 485 994 27 660
0 0 0 0 0 0 0 0 0 0 0 0 0 0 0 0
10
624 518 686 949 97 598 203 369 640 756
1 0 0 1 1 0 0 0 1 0
2
279 511
1 1
14
733 120 534 401 767 106 877 993 833 263 1000 507 153 667
0 0 0 0 0 0 1 0 0 0 0 0 0 0
16
81 154 79 255 636 98 966 955 545 603 804 940 308 853 55 556
0 0 0 0 0 0 0 0 0 1 0 0 1 0 0 0
12
797 636 224 987 521 392 327 765 36 718 665 941
1 1 0 1 1 0 0 0 1 1 0 0
13
946 681 24 541 215 789 291 341 559 701 526 118 268
0 1 1 1 0 0 1 0 0 0 1 1 0
14
417 317 581 1 826 842 12 127 177 449 928 32 490 122
0 0 1 1 0 0 0 0 0 0 0 0 0 0
16
132 310 320 832 124 649 117 910 144 680 262 749 392 3 102 322
0 0 1 0 1 0 0 0 1 0 1 0 1 1 0 1
16
889 574 391 732 552 816 100 617 896 6 654 71 536 564 910 766
0 0 0 0 0 0 0 0 0 0 0 0 1 1 1 0
16
960 385 233 258 868 246 168 268 520 980 118 517 622 30 445 458
1 0 0 0 1 0 1 0 1 0 0 1 1 0 0 0
13
789 78 37 24 832 139 111 715 172 30 381 392 560
0 1 0 0 0 0 0 1 1 0 0 1 0
16
642 261 771 62 751 519 51 218 442 437 614 705 350 462 592 365
0 0 1 1 0 0 0 0 0 0 0 0 1 0 0 0
3
261 453 234
1 1 0
6
548 238 380 265 220 672
1 0 0 1 0 0
15
614 274 773 606 611 731 223 506 165 715 84 796 394 399 967
0 1 0 0 0 0 0 1 0 0 0 0 0 0 0
6
799 169 203 965 343 526
1 0 0 0 1 0
7
981 528 384 346 350 306 379
0 0 1 0 0 0 1
12
497 1 573 798 525 869 770 581 942 211 306 706
1 1 0 1 1 0 1 0 0 0 1 1
5
362 918 905 405 676
0 0 0 1 1
13
611 623 814 567 305 518 433 326 871 695 507 89 473
0 0 0 0 1 0 1 0 0 0 0 0 0
4
490 392 240 545
1 0 1 0
3
7 867 372
0 1 1
12
747 542 610 541 554 91 99 439 947 562 316 145
1 0 0 0 0 0 0 1 0 0 0 0
11
556 674 417 1 187 763 568 544 126 17 657
1 0 1 0 0 0 1 0 0 1 1
9
184 27 474 18 779 820 791 873 537
0 0 0 1 0 0 1 0 0
15
149 165 167 799 793 600 814 337 598 741 455 463 549 914 795
0 0 0 0 1 0 1 0 0 0 0 0 0 0 0
12
480 311 521 1000 517 979 91 826 92 900 102 411
0 0 1 0 0 0 0 1 0 0 0 0
16
524 482 407 733 304 612 230 337 70 485 829 239 386 871 780 438
0 0 1 1 1 0 1 1 0 1 1 0 0 1 0 1
14
63 4 486 356 45 836 420 555 393 824 570 979 459 167
0 0 0 0 0 0 1 0 0 0 0 0 0 1
15
623 948 707 203 830 501 796 972 868 368 46 957 600 371 963
0 0 0 1 0 0 0 0 1 0 0 0 0 0 0
6
926 148 402 939 669 434
0 1 0 0 0 1
13
719 579 963 727 162 604 159 294 130 450 791 482 257
0 0 0 1 0 0 0 1 0 0 0 0 0
16
415 821 373 666 723 783 399 209 584 920 336 410 389 373 131 258
1 1 0 1 1 0 0 1 0 1 0 0 1 0 0 1
