10
4 10
1 739
2 673
3 820
991
4 2
2 3
1 1
3 2
2 2
2 3
4 1
4 2
3 3
4 4
3 10
1 576
1 121
509
117
3 1
3 2
1 1
3 3
3 3
3 1
3 2
3 1
2 2
1 1
2 10
1 706
270
2 2
2 2
1 2
1 1
2 2
1 2
2 1
2 1
1 1
1 1
3 10
1 332
2 503
230
1 2
1 3
2 1
1 1
2 2
2 1
1 1
3 1
3 3
3 2
9 10
1 906
1 924
3 846
3 382
1 805
5 462
1 104
5 168
795
259
280
346
369
720
5 1
8 6
6 3
3 5
4 1
5 9
4 9
4 9
6 8
2 4
7 10
1 946
1 126
2 290
4 429
5 43
3 292
320
387
3 5
2 7
6 4
3 7
6 5
1 6
7 5
2 7
1 3
4 6
5 10
1 536
1 195
2 719
3 183
474
620
1 3
4 1
2 1
1 5
4 2
3 2
5 5
5 3
3 4
2 4
5 10
1 399
1 255
3 421
3 662
157
413
617
3 1
3 4
3 2
5 2
2 3
4 5
1 5
4 4
1 1
3 4
5 10
1 897
1 219
1 355
4 154
99
135
807
4 2
3 3
4 3
1 1
2 4
2 4
1 3
4 2
1 5
3 1
10 10
1 320
1 277
3 152
2 305
5 378
4 732
4 496
2 231
4 92
585
785
361
232
274
8 9
9 7
1 1
5 7
9 8
3 10
3 8
2 3
4 3
2 9
