100
48 2738
1 2 3 5 6 7 8 10 11 15 17 18 24 26 27 29 30 32 35 38 39 40 41 43 45 48 52 54 56 58 62 63 64 67 71 73 76 77 78 81 82 83 84 86 87 92 95 99 
16 173
1 2 3 4 5 10 18 26 30 50 61 80 83 84 95 99 
24 1788
1 2 3 5 8 9 12 17 18 21 31 42 44 47 53 55 60 67 76 79 83 91 92 95 
32 1685
1 2 3 5 6 7 10 11 13 15 21 22 25 27 28 29 32 33 42 43 49 53 57 65 66 73 76 84 85 88 95 96 
14 53
1 2 3 8 17 22 31 39 49 60 64 82 85 97 
47 3162
1 2 3 4 5 6 8 11 13 14 16 17 19 25 26 27 29 30 31 33 34 38 40 42 44 46 52 53 55 58 59 61 62 63 64 66 72 73 74 76 77 78 83 89 90 97 99 
15 352
2 3 5 6 16 18 29 30 36 45 52 63 85 89 95 
13 500
1 2 3 5 6 8 10 31 48 55 75 81 84 
11 25
2 3 6 12 13 21 52 61 81 88 93 
14 344
2 4 6 9 14 24 27 31 32 56 68 69 86 96 
11 52
1 2 4 5 16 27 36 45 53 60 99 
37 751
1 2 3 4 5 6 10 11 19 28 29 33 38 41 42 43 46 49 51 52 53 55 56 57 58 60 63 64 69 71 72 76 85 87 90 95 98 
12 167
1 2 4 5 6 10 40 55 66 68 82 94 
29 891
1 2 4 5 8 11 12 13 14 15 17 18 20 27 28 39 42 46 56 58 75 76 77 78 82 84 90 96 98 
11 170
1 4 5 7 14 34 35 39 69 80 83 
14 166
3 4 11 23 24 25 26 30 52 53 70 80 93 94 
15 172
1 2 4 8 17 18 34 39 40 42 53 57 58 83 92 
27 1819
1 2 3 4 5 6 7 8 13 14 15 16 25 27 29 40 44 50 53 57 58 70 71 73 75 78 83 
44 3854
1 2 4 5 7 8 9 10 12 18 20 21 22 23 26 35 38 43 45 46 47 48 50 51 54 55 56 57 59 60 62 67 70 73 79 81 84 87 88 90 93 98 99 100 
5 8
1 3 4 5 97 
9 50
2 3 4 5 8 25 39 85 95 
46 1746
1 2 3 4 5 6 7 8 13 15 22 25 26 27 28 36 39 41 45 48 49 58 59 60 61 62 64 66 69 70 72 73 78 81 84 85 86 87 88 89 90 93 95 96 97 98 
43 2863
1 2 3 4 5 7 9 13 14 15 16 19 27 30 32 35 37 38 40 42 45 49 50 51 53 54 55 59 60 63 67 69 73 76 77 83 85 87 88 91 94 98 100 
11 351
1 2 3 5 6 16 29 49 67 81 98 
48 3193
1 2 3 6 7 8 9 10 11 12 13 15 16 19 24 25 26 27 28 29 31 39 40 41 42 43 45 46 47 56 58 60 61 65 66 67 69 71 75 76 82 83 84 88 91 97 99 100 
11 171
1 3 7 9 12 22 24 28 30 51 95 
49 2655
1 2 3 4 5 6 7 8 9 10 11 14 16 20 21 22 24 29 30 32 34 36 42 44 46 49 52 53 55 57 59 61 67 68 71 72 73 74 75 76 77 78 83 86 87 88 94 95 98 
27 3756
1 2 3 5 6 8 12 14 26 27 34 35 40 43 46 58 63 65 67 68 69 78 79 85 88 90 93 
46 3527
1 2 3 4 5 6 10 11 12 14 15 16 17 20 22 26 27 28 32 33 35 36 39 42 44 46 47 49 52 53 54 58 62 68 73 76 80 81 84 87 89 92 94 97 98 100 
40 3469
1 2 3 4 5 6 7 8 15 16 17 18 22 25 27 42 44 46 47 49 50 52 58 61 64 65 66 68 69 71 72 74 77 78 81 90 91 93 95 96 
42 3983
1 2 4 6 7 11 14 16 17 18 20 21 24 27 38 39 41 46 49 52 54 59 60 62 64 66 68 69 70 72 74 81 82 84 86 88 89 91 94 95 96 97 
30 1498
1 2 3 4 5 6 7 15 19 20 22 28 29 31 41 44 47 48 51 59 65 66 67 68 72 80 84 86 90 91 
11 279
1 2 3 4 5 6 7 11 28 73 97 
42 3479
1 2 3 4 5 7 8 10 11 13 14 16 21 22 25 27 31 32 33 36 37 43 46 47 48 50 53 54 55 56 58 60 65 67 70 72 84 91 92 93 95 98 
46 3284
1 2 3 4 5 6 8 9 11 12 14 15 18 19 20 21 22 24 25 32 36 38 39 41 46 48 50 54 56 61 66 67 69 75 76 78 81 82 83 85 88 93 95 96 97 98 
12 315
2 3 4 6 8 20 22 24 25 33 56 83 
14 494
1 2 3 7 13 33 36 46 64 67 75 90 96 100 
43 2892
1 2 4 5 6 7 9 13 18 19 21 22 23 27 34 36 37 38 39 40 43 44 47 48 50 51 53 57 58 61 64 67 69 70 72 73 74 78 86 87 88 92 97 
12 357
1 2 3 4 5 6 9 13 23 51 73 81 
30 2970
1 2 4 5 7 8 9 13 16 18 20 22 24 26 29 33 34 35 40 42 44 54 55 63 69 70 72 77 86 99 
40 3051
1 2 3 4 5 8 11 12 13 15 16 17 19 20 21 22 24 28 30 31 36 39 45 51 52 61 62 65 66 73 74 79 80 81 83 84 85 89 92 100 
11 486
1 2 3 5 6 13 17 29 37 67 98 
21 1033
1 2 3 5 7 9 11 12 16 24 32 55 57 65 73 74 75 79 85 93 95 
14 205
2 3 6 10 15 19 20 24 35 46 58 63 84 90 
48 4155
1 2 3 4 5 10 12 14 15 16 17 20 22 26 29 31 34 37 38 39 42 43 46 47 50 52 56 59 60 63 64 65 67 71 72 75 77 79 82 83 85 86 91 93 95 98 99 100 
40 3076
1 2 3 5 6 7 10 14 16 17 19 21 24 25 26 28 30 38 39 40 46 53 54 55 59 63 68 73 75 78 79 81 82 84 85 91 92 95 96 99 
32 2355
1 2 4 5 7 9 10 11 13 14 16 18 21 28 30 38 41 42 43 45 50 51 52 53 67 71 79 83 90 94 95 99 
13 20
3 4 6 14 16 17 29 40 44 52 56 58 61 
16 468
1 2 3 5 6 8 13 14 30 34 36 53 75 78 82 95 
21 1113
1 2 3 4 5 7 14 18 21 22 24 35 45 56 65 67 68 70 83 90 91 
46 2461
1 2 3 4 5 7 8 12 17 18 20 21 23 24 27 29 32 33 34 38 39 42 44 46 49 55 58 61 62 63 64 67 69 71 74 75 76 79 88 89 92 94 95 97 98 99 
27 1865
1 2 3 4 5 6 7 8 10 11 17 19 33 39 43 53 56 57 58 75 82 83 84 85 86 97 100 
10 10
2 3 6 8 21 22 35 42 51 91 
6 40
1 2 4 5 18 57 
39 2441
1 2 3 4 5 6 7 8 10 13 14 16 26 27 28 32 34 35 37 41 42 44 45 46 54 57 59 61 63 69 70 72 73 76 79 83 84 90 98 
18 286
2 3 4 5 7 21 22 24 38 46 52 54 57 75 85 90 92 94 
14 370
1 2 3 4 6 8 11 12 15 25 38 44 46 57 
29 1324
1 2 4 5 6 9 10 20 21 26 32 35 38 42 45 47 49 52 53 55 56 74 79 85 86 91 94 98 99 
12 82
2 3 4 5 6 7 26 27 59 70 74 91 
19 184
1 2 3 4 6 11 29 30 32 42 59 80 81 82 87 95 97 98 100 
12 359
1 2 4 5 14 15 22 30 47 60 74 77 
15 141
1 2 4 9 10 11 19 20 21 24 32 66 68 70 95 
25 1098
1 2 3 4 5 6 11 15 16 17 23 24 26 31 32 33 34 41 46 49 63 80 81 96 97 
11 106
1 3 7 14 17 18 37 54 58 65 98 
9 33
1 3 6 8 11 17 42 54 70 
22 1999
1 2 4 5 8 19 23 24 35 37 46 53 55 56 61 64 70 73 75 87 88 94 
8 11
2 3 4 7 55 61 84 96 
46 3716
1 2 3 4 5 6 8 11 13 14 18 19 23 26 27 28 32 35 38 41 44 45 46 49 52 54 56 57 58 59 60 61 72 73 74 75 79 80 81 82 85 86 90 91 92 93 
21 1386
1 2 3 4 5 6 7 9 11 13 47 54 57 60 62 64 68 69 71 79 96 
30 1435
1 2 4 5 6 10 14 15 19 25 33 41 47 48 49 50 52 53 57 58 65 67 68 70 78 86 87 91 96 100 
8 23
1 4 6 7 14 65 70 94 
16 211
1 3 5 6 7 8 11 17 22 34 36 40 45 61 66 68 
11 500
1 2 3 6 7 10 14 42 45 83 98 
39 2210
1 2 4 5 7 8 12 18 21 23 25 26 27 29 30 32 34 35 36 39 40 41 53 60 63 66 68 72 74 75 76 80 85 88 92 94 95 96 98 
41 2570
1 2 3 5 6 8 9 10 14 19 21 23 27 29 30 32 35 39 40 45 47 49 52 57 58 61 65 68 69 71 73 74 78 79 80 83 92 93 95 97 98 
11 343
1 2 4 6 7 16 38 41 57 69 97 
11 379
1 2 3 4 7 8 11 15 43 65 88 
50 5000
1 2 3 4 6 7 9 13 14 16 17 18 27 28 29 30 37 40 41 44 47 48 49 50 51 52 55 63 65 66 67 69 71 72 76 79 81 84 86 87 88 89 91 92 93 94 95 97 98 100 
11 25
1 2 5 9 13 14 18 29 84 86 99 
30 1639
1 2 4 5 6 7 8 10 11 13 17 27 31 34 41 42 44 46 47 55 59 65 72 76 77 79 84 93 96 97 
9 50
1 2 3 4 15 31 44 50 62 
11 205
1 3 4 6 12 29 34 36 50 85 97 
29 2095
1 2 3 4 5 6 11 19 20 21 23 24 26 32 36 38 51 55 65 66 71 74 75 88 90 91 92 94 100 
30 2659
1 2 4 5 6 8 18 19 23 25 28 32 36 40 45 47 50 55 58 60 63 72 73 74 80 86 87 88 93 100 
24 1088
1 2 4 5 11 12 15 16 17 24 25 32 42 48 55 60 66 73 89 90 92 95 97 98 
28 178
1 2 3 4 6 7 9 10 14 16 17 22 27 28 31 38 48 51 53 62 66 79 80 84 88 94 96 98 
25 764
2 3 4 6 9 11 12 15 18 35 42 45 47 48 53 55 62 63 69 70 73 78 82 88 98 
14 156
1 2 3 4 15 16 26 44 45 58 61 62 66 96 
38 1619
1 2 4 5 6 7 12 14 15 16 18 19 20 21 23 24 25 28 31 33 36 42 43 47 49 64 65 68 71 80 81 85 86 89 91 96 97 98 
47 2720
1 2 3 4 5 6 7 8 11 13 14 19 20 23 28 32 33 34 35 37 43 45 46 48 51 52 60 61 62 66 67 68 73 77 78 79 80 83 85 89 90 92 93 95 96 98 100 
11 486
1 2 3 6 13 15 27 42 68 84 92 
7 15
1 2 5 8 46 63 73 
13 495
1 2 3 4 5 13 17 26 33 71 72 79 95 
29 1252
1 2 4 5 6 7 9 19 22 25 29 38 42 43 46 47 52 55 58 61 66 68 74 80 82 93 98 99 100 
7 11
2 3 4 6 11 74 92 
50 3992
1 2 3 6 7 8 10 11 14 15 16 18 19 22 23 24 29 30 33 37 41 43 45 46 48 49 50 52 53 54 57 61 63 65 69 70 71 72 74 77 79 81 82 84 93 94 95 96 98 100 
16 61
1 4 6 9 10 12 19 21 27 46 55 65 76 81 86 90 
11 451
1 2 4 8 25 35 46 81 88 91 100 
15 199
1 2 4 9 17 25 31 33 40 52 56 65 66 95 97 
21 1050
1 2 3 4 5 6 7 12 23 24 28 42 53 54 59 71 76 86 93 96 98 
