50
80 4 89
72 78 91
70 81 160
43 17 493
1 99 2
82 67 245
84 91 467
41 92 497
38 72 188
98 31 177
35 51 390
6 94 68
43 50 276
98 14 123
89 33 142
73 96 346
54 34 192
54 24 245
48 4 283
28 97 214
9 72 375
82 42 122
2 22 281
83 16 109
25 80 53
88 99 260
64 11 214
82 99 456
46 89 172
39 81 220
76 38 210
3 30 131
26 22 176
55 20 442
44 72 400
89 98 234
98 29 426
27 99 141
98 27 167
92 51 407
46 48 489
14 93 144
64 50 155
68 16 70
45 54 133
26 35 433
17 100 482
62 48 313
60 25 346
38 16 174
