25
8
4 5
6 1
5 6
1 3
2 4
4 8
2 7
5
5 1
1 4
2 3
4 2
9
5 1
7 3
8 7
8 4
7 5
6 2
1 6
5 9
7
2 7
2 3
5 2
6 4
1 6
4 5
5
1 5
2 1
5 4
3 2
10
9 7
2 8
3 10
7 3
9 1
4 6
6 9
10 5
10 2
10
5 4
5 9
6 7
6 1
8 6
9 8
2 10
10 5
3 2
10
5 1
5 4
10 8
2 7
3 5
3 6
7 9
4 2
8 3
10
10 8
10 6
10 1
4 5
9 4
8 7
7 2
10 9
3 10
10
8 6
2 5
7 9
9 8
4 3
2 1
2 10
6 4
7 2
272
117 210
107 128
250 44
87 110
178 145
197 253
136 40
113 211
158 204
193 28
151 190
150 68
210 270
29 67
195 122
220 222
247 127
46 123
174 266
259 241
188 101
1 58
105 237
151 236
111 59
154 80
175 33
264 61
253 272
207 139
164 180
162 229
109 90
102 42
8 11
252 260
232 91
135 244
265 175
235 226
133 124
30 93
120 150
14 23
176 242
42 37
27 207
34 66
72 102
73 65
35 71
72 70
194 168
189 156
241 126
51 104
256 143
188 125
67 217
67 16
109 95
261 234
79 176
181 107
51 186
41 52
109 265
68 206
205 74
84 160
35 116
240 137
224 5
243 24
158 135
182 184
166 48
51 170
259 254
182 141
110 38
5 1
94 198
231 22
2 130
129 109
179 208
29 108
242 7
159 263
177 248
10 94
208 138
122 96
174 200
253 25
79 36
154 10
235 247
201 43
211 257
15 152
76 181
216 269
141 20
198 262
235 245
215 45
82 13
21 83
54 134
267 172
79 165
172 51
58 191
34 12
157 238
207 224
62 56
210 268
100 154
23 259
236 147
58 261
2 39
8 196
221 179
228 47
256 178
54 209
192 49
243 32
27 89
225 235
127 131
38 151
161 187
35 118
232 183
202 161
270 230
25 34
130 232
207 72
227 57
72 256
74 82
143 169
145 133
108 6
178 86
169 146
181 19
226 202
214 227
101 136
256 117
127 99
100 182
78 188
116 41
157 267
13 233
255 4
220 167
189 252
190 113
1 189
225 87
98 26
152 29
67 264
21 213
42 164
149 121
257 228
151 8
26 177
263 30
155 158
156 132
77 114
198 64
145 73
172 243
124 88
71 100
25 159
103 140
239 55
23 251
77 142
252 115
2 76
78 153
12 75
116 149
99 77
51 163
155 192
234 231
91 249
197 219
16 194
15 216
206 162
152 199
222 81
95 97
127 2
119 129
185 79
60 271
237 173
62 246
34 174
5 54
105 50
180 155
233 220
12 111
179 205
55 144
38 166
17 214
159 120
128 223
94 106
219 46
226 31
99 18
260 239
118 14
85 240
168 69
216 105
175 84
7 195
169 203
231 157
98 119
251 15
137 225
253 9
38 35
192 201
47 218
110 197
257 103
197 250
232 27
7 112
210 53
224 60
17 221
175 21
64 78
181 212
233 258
3 62
243 148
120 171
87 92
258 193
248 215
263 3
208 85
160 17
18 255
142 63
258 185
110
84 60
92 30
8 14
87 18
68 33
20 87
22 11
23 17
33 77
41 6
92 38
40 20
41 89
28 94
37 75
74 8
45 47
26 71
39 93
14 55
42 82
13 105
29 103
109 49
97 7
46 66
93 12
40 56
12 86
88 64
25 79
26 91
44 34
71 76
104 28
91 25
65 102
31 99
45 59
8 40
85 70
3 10
28 23
28 84
102 52
47 39
95 35
84 13
43 98
63 100
48 78
10 104
29 92
107 67
92 90
109 96
67 97
36 32
48 54
1 85
99 3
88 110
20 81
20 62
90 22
67 83
87 53
91 74
110 107
13 65
85 19
39 9
96 88
64 106
110 36
96 27
14 48
14 61
40 72
47 68
17 101
100 37
1 29
33 73
17 26
29 16
81 44
27 95
2 31
98 45
53 43
90 108
16 42
15 58
52 57
63 5
15 50
110 21
24 41
75 2
27 63
12 1
29 4
6 109
73 15
32 69
10 51
46 24
80 46
227
118 223
68 204
20 106
165 102
121 168
187 214
158 202
115 72
7 48
140 133
111 167
185 186
70 73
41 68
22 94
223 135
38 177
186 91
84 99
147 15
34 206
136 132
50 128
149 110
157 40
193 63
201 138
80 161
44 6
91 109
122 126
123 225
188 157
52 189
148 210
49 25
222 17
22 159
81 53
180 212
217 147
152 137
133 45
61 93
115 103
54 191
213 90
210 77
223 179
13 169
85 217
159 180
54 92
1 46
183 121
104 194
172 185
193 34
101 220
49 85
226 134
217 12
166 95
72 21
224 58
216 199
87 160
207 130
29 211
128 165
71 16
22 127
217 96
75 3
95 2
30 56
9 131
55 196
1 30
94 100
192 20
140 69
40 145
101 4
85 74
7 150
52 54
111 164
103 198
188 36
227 67
119 19
149 39
124 7
74 192
135 178
85 11
5 118
60 172
75 140
15 183
179 41
54 158
56 28
158 107
157 174
131 66
176 197
193 114
226 26
111 201
108 88
146 13
149 112
205 10
51 148
25 108
185 23
37 59
78 79
131 146
107 64
81 97
28 33
45 50
122 113
81 123
120 122
222 227
227 124
175 35
174 71
78 87
56 173
198 205
163 153
71 78
105 226
28 125
141 219
38 190
220 104
159 80
59 82
77 14
191 18
129 171
55 154
227 1
188 156
19 208
88 176
38 116
165 27
116 166
172 215
204 207
132 149
159 181
186 162
80 188
164 213
87 31
52 193
55 170
153 144
24 8
156 61
43 47
217 55
122 43
135 52
107 81
176 65
19 9
17 187
112 89
214 142
92 216
130 143
132 60
76 163
38 152
33 42
203 111
149 115
134 38
219 98
51 105
83 222
175 75
219 175
194 136
39 209
94 37
91 32
177 195
182 139
179 151
83 203
223 224
115 24
12 86
89 5
98 49
145 119
163 129
39 141
32 117
145 57
53 200
201 101
170 62
173 51
160 218
101 84
33 70
141 22
101 29
151 120
75 184
149 221
40 76
34 44
37 155
117 182
344
217 163
244 286
70 67
337 270
74 227
194 19
253 21
234 215
288 271
159 196
284 20
332 137
202 285
309 44
157 235
289 156
83 130
312 39
100 111
134 119
201 331
178 203
129 34
271 70
119 97
193 304
44 89
181 333
272 46
59 322
271 112
338 87
2 186
244 77
331 23
231 309
291 178
40 224
325 320
330 208
138 171
304 204
142 299
35 129
206 295
148 226
140 50
321 175
143 279
123 125
190 85
32 118
122 145
31 220
281 195
315 81
118 284
248 303
245 275
290 250
153 98
215 154
270 302
5 298
277 199
194 36
192 317
265 297
227 308
298 234
240 40
191 190
301 324
194 78
235 288
111 22
314 15
180 76
278 187
172 43
89 213
253 257
218 210
123 307
231 126
102 251
215 268
263 84
148 58
191 38
314 222
97 100
343 149
240 218
103 3
221 311
162 231
87 109
229 66
271 198
174 79
143 54
253 282
340 315
9 188
313 136
157 164
162 141
17 243
148 42
195 249
341 306
49 292
45 95
113 294
118 122
48 139
288 184
218 244
113 197
112 233
91 92
252 278
151 319
72 214
34 173
14 120
319 182
86 337
291 283
241 165
307 2
104 176
110 157
304 162
104 172
156 135
115 321
308 27
62 168
122 240
59 24
211 181
153 180
17 327
204 64
227 155
229 202
211 83
121 334
33 6
25 312
80 174
314 158
200 53
191 296
46 344
281 273
213 11
205 239
13 48
250 262
210 216
190 90
138 30
220 219
267 60
61 72
151 269
134 260
322 183
158 253
210 17
208 228
305 254
33 230
186 318
78 323
109 343
315 69
108 179
279 205
321 266
337 71
82 258
27 339
8 146
204 37
135 207
264 290
59 223
290 314
320 18
185 104
6 342
140 88
231 340
80 185
12 232
72 45
161 49
160 144
138 237
200 16
95 265
15 335
316 63
125 128
116 153
194 61
13 26
9 105
101 127
15 151
234 32
172 150
94 328
340 35
201 142
259 217
227 291
196 238
127 261
38 211
260 80
188 160
98 56
114 300
330 52
324 252
60 194
152 12
167 229
9 82
224 113
30 236
51 325
128 293
152 336
169 191
157 91
9 110
7 143
98 101
1 140
155 138
342 133
84 65
170 281
171 264
103 159
19 329
204 209
129 169
173 5
18 31
42 192
128 134
111 152
50 246
29 7
144 313
61 276
125 115
61 74
281 242
149 107
250 341
139 8
58 124
321 73
112 225
292 29
201 108
67 4
330 13
207 33
88 248
53 272
223 332
257 301
285 263
151 148
86 62
319 117
202 59
23 221
84 255
31 201
95 57
22 316
322 338
14 41
36 93
263 131
194 189
167 245
43 94
123 166
250 75
333 161
18 55
176 47
159 167
340 14
79 310
140 132
43 326
130 305
181 330
57 193
132 106
134 116
138 1
220 147
270 206
335 256
292 259
58 212
102 287
182 103
34 277
33 10
328 267
172 9
27 96
295 170
26 28
196 114
44 86
53 99
10 51
330 280
264 247
115 241
36 274
68 25
344 123
217 102
23 200
294 121
270 68
53 177
464
266 396
206 414
395 317
315 398
68 445
12 86
119 426
414 50
97 459
10 306
319 291
48 321
233 407
243 254
216 142
150 370
406 239
212 278
245 207
452 215
422 354
177 45
418 202
142 263
39 196
353 108
264 259
368 8
10 163
185 164
141 17
261 55
300 205
35 420
318 326
298 88
329 432
72 385
111 296
181 61
127 333
359 289
457 409
323 35
119 161
358 34
83 452
460 184
254 281
127 20
323 75
122 400
387 57
122 126
145 394
138 125
416 93
333 300
146 217
89 7
325 124
109 160
380 355
131 18
380 131
139 119
233 448
107 83
167 456
68 157
309 182
29 148
396 399
213 461
216 292
45 389
397 95
200 210
450 49
374 199
176 285
151 363
126 214
31 145
462 113
201 33
327 252
32 208
370 140
237 369
62 450
353 39
321 123
189 241
400 301
359 228
380 173
102 41
141 155
304 295
30 250
179 194
199 189
389 137
35 200
234 151
420 236
227 223
400 235
126 71
367 168
368 261
23 169
207 387
53 311
243 10
376 303
111 198
201 329
392 201
337 258
378 29
347 70
270 9
34 221
419 48
416 392
104 384
295 380
117 204
340 62
181 127
362 67
121 195
408 447
357 256
328 248
181 371
7 344
383 144
13 383
75 360
323 314
268 286
282 31
19 270
125 68
395 231
378 3
133 356
29 206
206 116
134 294
314 5
163 353
20 222
30 342
37 187
316 408
274 90
415 276
81 190
315 117
58 378
381 419
168 153
281 350
283 374
62 367
158 381
378 218
100 94
58 56
171 253
204 428
222 340
282 72
9 462
292 47
124 89
464 64
62 179
307 423
180 265
126 60
224 13
249 23
303 395
352 59
392 176
12 269
54 372
65 279
41 361
229 186
323 12
431 15
66 257
210 352
460 21
317 96
214 440
283 105
328 288
6 98
257 388
449 36
332 310
163 331
121 318
349 463
171 84
152 66
124 442
298 51
457 335
124 347
433 183
132 266
213 298
45 341
384 251
37 129
55 192
183 359
375 185
367 162
104 4
413 81
345 244
7 76
34 28
316 297
296 225
411 406
5 165
28 255
227 77
275 304
77 339
38 154
214 203
29 267
450 444
445 366
438 1
444 332
271 232
238 100
408 106
131 268
457 322
68 227
279 319
183 313
117 330
431 457
377 334
391 63
332 46
45 274
338 373
133 460
93 446
406 197
334 238
380 40
233 346
171 305
49 167
300 247
436 233
101 19
274 404
157 410
307 349
341 52
129 69
297 180
227 415
148 16
420 430
27 136
312 309
327 73
428 323
60 358
348 454
192 141
315 436
355 166
309 37
49 42
99 11
338 109
300 393
336 364
354 118
50 135
234 402
37 149
418 437
295 91
20 80
387 27
242 343
373 433
199 282
434 413
149 229
461 390
91 362
399 178
446 216
231 324
91 158
28 224
169 397
21 44
315 464
373 79
102 188
288 110
164 379
360 412
107 38
241 357
366 348
106 213
286 30
57 443
333 14
76 122
373 174
218 391
410 58
410 104
164 455
368 441
293 102
337 147
419 284
261 336
171 272
198 417
366 325
407 99
81 22
427 290
374 458
452 87
352 43
205 237
121 139
300 320
171 376
250 429
288 421
96 345
181 74
149 382
64 280
281 427
131 177
414 293
116 451
172 246
396 264
217 112
136 156
413 328
295 230
23 365
61 418
324 134
437 245
172 220
159 133
389 128
270 85
446 338
389 375
379 25
46 386
317 453
236 82
385 172
253 283
396 212
34 150
237 120
165 65
455 103
441 132
260 368
336 226
242 209
270 181
57 435
219 211
11 401
139 78
285 424
241 2
310 92
211 449
133 275
312 114
196 107
386 115
116 425
346 438
54 403
200 439
260 32
282 315
111 138
224 327
371 6
90 234
128 121
285 193
315 422
217 337
147 143
29 316
210 377
416 405
225 260
342 277
366 308
443 307
130 171
302 26
261 351
454 249
437 152
136 312
458 431
241 271
108 97
286 287
389 262
118 242
355 243
290 111
309 146
232 219
100 302
159 24
82 273
229 434
298 411
39 130
160 299
113 53
237 159
385 54
177 240
191 101
317 175
22 170
370 416
500
235 246
490 469
291 353
55 210
15 2
468 187
473 463
280 380
191 316
431 137
106 479
216 204
323 377
242 36
139 224
400 10
140 480
489 359
364 322
18 269
447 20
224 402
470 150
473 271
80 212
138 105
146 323
486 311
108 197
487 406
337 142
498 241
425 482
431 45
241 436
442 145
20 234
476 488
295 169
232 195
454 466
253 350
148 392
279 37
472 17
456 48
211 338
66 190
172 474
278 478
147 328
166 453
26 445
220 398
326 56
120 228
300 266
373 414
266 23
265 473
393 397
331 247
314 368
409 86
132 235
170 413
321 170
433 1
251 227
217 264
425 80
364 177
243 439
137 302
92 251
357 214
151 99
83 340
272 51
228 416
483 465
261 238
124 438
123 166
76 372
65 88
484 464
262 314
335 263
258 343
202 313
226 97
412 221
77 209
6 125
302 312
171 259
368 95
101 120
158 66
301 345
324 30
414 194
485 277
117 446
448 412
417 394
100 202
197 276
190 152
452 444
294 330
219 71
260 318
52 389
334 484
15 454
74 405
6 134
363 128
443 441
47 244
244 357
342 165
190 50
181 61
438 495
497 393
203 6
455 242
270 320
370 426
336 107
102 303
313 468
426 493
235 140
84 467
318 366
388 489
228 58
433 226
1 175
38 481
445 306
493 81
147 44
184 196
349 476
333 382
260 423
159 250
141 19
23 182
180 267
137 163
473 470
322 407
368 62
74 386
86 282
468 299
46 432
255 70
473 230
262 83
222 433
237 29
420 3
302 193
336 222
411 287
138 408
454 331
179 341
88 132
447 370
113 111
99 216
268 203
23 85
30 14
482 211
41 92
342 329
256 63
451 141
332 117
27 452
281 79
398 258
458 367
53 60
367 245
400 24
449 460
332 434
131 384
4 475
80 181
25 40
316 219
206 295
360 149
69 102
317 381
52 153
83 178
26 288
408 395
349 138
45 260
53 292
375 456
493 477
86 184
96 164
33 457
259 77
500 136
18 396
184 486
413 252
308 440
463 54
414 500
346 290
466 34
240 124
467 13
489 133
81 28
126 47
52 115
96 39
338 122
112 172
190 46
326 101
213 428
238 435
293 455
281 205
478 483
347 427
454 127
325 59
295 293
479 55
287 129
491 352
280 91
156 42
211 174
472 361
278 447
205 171
415 491
135 158
185 471
274 4
464 223
318 494
401 131
395 180
377 296
481 87
1 243
401 373
87 232
337 249
168 25
485 154
482 305
245 183
424 448
305 490
470 161
121 451
412 78
254 119
436 348
289 374
309 21
246 185
304 442
260 399
71 38
104 461
423 419
6 52
194 98
256 499
191 112
169 256
417 268
88 173
222 472
373 233
106 369
322 162
114 109
166 192
213 315
344 155
388 240
27 143
163 206
449 130
62 74
152 496
399 168
243 497
17 376
358 218
36 334
139 388
419 317
4 167
198 387
4 213
257 198
14 450
285 75
81 363
211 176
361 362
137 151
132 492
329 346
296 248
219 449
69 93
487 90
66 379
233 43
232 12
352 310
465 344
492 308
420 84
203 64
70 139
494 225
482 189
132 9
35 103
486 7
292 68
395 200
51 72
301 73
123 146
227 113
246 294
177 121
372 156
192 69
309 148
236 16
138 327
227 351
1 297
310 400
86 262
148 356
352 347
166 284
46 336
397 424
91 191
91 273
232 443
349 261
27 365
144 404
454 459
265 291
66 375
446 159
41 411
455 390
456 339
39 301
438 100
195 114
473 429
449 217
261 281
425 118
254 349
301 326
330 321
15 458
3 364
145 255
260 89
121 462
453 94
454 383
236 335
210 337
497 82
143 67
46 422
389 278
263 298
206 53
156 231
130 300
91 385
464 360
76 325
20 289
291 409
51 35
98 280
90 430
219 15
289 418
106 229
194 108
178 270
75 135
338 8
406 57
354 401
382 309
68 215
17 324
243 106
436 333
209 188
115 275
256 201
61 304
185 126
356 371
95 498
173 285
291 437
302 31
493 157
330 76
399 123
273 358
246 5
59 104
171 425
197 147
387 26
205 253
407 279
277 160
278 403
276 96
448 487
10 342
480 391
27 307
408 199
168 420
246 272
413 265
35 254
305 220
384 417
352 319
406 415
158 27
415 18
260 239
191 65
425 410
392 144
418 110
293 354
265 257
405 236
153 378
293 283
454 332
64 179
281 485
126 186
153 116
455 11
208 41
219 355
11 208
88 274
122 22
68 49
228 33
286 431
40 207
259 237
421 286
131 32
500
302 128
197 335
279 183
220 121
204 57
223 270
95 384
338 288
119 189
11 206
500 28
236 224
208 225
444 99
315 357
354 498
14 350
374 122
396 212
200 155
257 8
190 299
57 409
490 342
262 238
102 1
182 107
132 491
2 166
293 476
332 392
349 330
203 496
31 186
499 309
276 403
163 456
469 215
253 356
279 71
418 442
232 102
340 141
430 324
153 222
142 447
119 485
485 328
496 179
487 334
49 237
251 462
262 353
73 38
6 481
48 281
149 355
94 472
151 426
114 387
185 430
307 282
234 259
34 493
306 158
388 240
273 278
168 438
76 162
30 53
368 51
208 298
448 54
319 285
485 150
113 88
150 172
270 407
274 173
55 414
87 441
326 497
334 466
218 47
186 233
486 177
151 444
436 197
254 275
437 14
72 322
106 48
285 437
381 423
103 410
449 117
153 36
304 59
116 474
109 23
96 336
415 386
377 234
1 454
313 307
431 191
219 301
417 465
150 101
390 13
257 480
150 89
344 131
437 375
147 397
268 271
251 500
316 373
345 200
326 406
155 9
21 243
328 227
469 446
319 367
11 111
297 339
254 305
321 228
111 424
347 459
423 116
384 130
404 378
243 32
351 140
337 445
193 170
70 66
341 440
10 379
355 372
435 311
258 289
409 50
355 188
363 22
397 370
313 164
28 316
53 60
427 435
296 479
48 467
46 317
176 103
219 98
409 249
283 261
483 273
97 64
69 184
95 345
92 321
289 209
99 126
111 86
52 171
51 404
495 25
332 152
208 310
118 291
341 49
428 169
116 244
385 398
397 256
381 478
449 41
254 396
387 199
231 400
379 250
363 6
221 153
139 448
269 4
416 95
273 118
269 411
354 114
478 470
18 15
115 33
278 425
371 127
91 3
67 433
283 76
76 292
43 46
497 461
70 349
438 369
243 293
399 90
269 279
16 245
332 241
201 265
410 428
80 422
1 304
371 91
235 413
498 69
401 168
279 17
457 274
17 272
131 262
370 75
71 239
255 160
147 494
313 242
62 320
425 174
240 352
18 420
166 475
159 399
457 156
464 388
232 11
133 97
245 332
352 363
489 214
380 193
25 283
434 149
12 104
113 429
438 331
32 159
298 258
126 134
99 226
272 80
362 297
294 354
105 219
368 389
208 451
36 85
81 192
233 286
198 195
443 371
439 464
421 280
275 329
457 211
200 401
290 39
190 394
349 431
172 144
243 294
156 73
355 415
352 175
167 318
355 300
313 325
307 327
473 427
122 296
165 7
187 368
323 42
433 382
498 341
279 487
409 125
133 385
294 303
191 319
356 247
403 129
368 165
300 361
282 20
186 412
262 383
358 190
61 181
101 255
351 269
19 390
277 180
218 216
276 315
184 40
145 405
99 35
234 112
485 432
285 136
20 204
323 416
263 381
257 2
4 213
263 302
240 308
258 157
453 138
25 142
111 263
461 495
362 343
449 161
196 490
424 16
352 276
387 231
417 70
238 72
184 419
411 230
32 96
266 145
72 178
83 359
145 56
118 323
287 374
462 203
279 489
229 115
258 27
166 133
135 12
473 312
108 314
224 83
194 362
446 458
423 30
375 185
324 455
12 163
193 81
477 492
360 201
43 147
308 18
341 463
325 26
239 5
254 450
132 254
195 348
308 499
242 246
232 44
462 176
435 266
287 93
390 113
448 251
398 84
239 408
195 82
488 10
293 232
236 395
444 287
209 488
141 365
161 358
353 105
289 100
481 31
494 477
311 198
284 326
168 207
437 34
287 313
433 453
416 460
468 52
314 264
345 123
403 391
103 377
447 295
166 21
25 351
452 229
392 436
310 62
487 67
447 267
257 120
182 55
177 380
471 146
50 376
223 218
301 257
356 24
56 484
218 235
63 109
216 143
202 119
240 74
112 108
232 92
58 79
442 29
85 340
467 417
155 449
155 277
491 151
404 260
152 210
292 347
239 306
389 473
145 154
304 187
478 439
369 205
108 434
352 220
320 63
77 284
226 37
217 344
302 68
430 43
415 469
126 167
91 418
141 148
351 333
333 236
5 468
296 482
400 457
273 137
322 106
486 248
302 253
341 393
217 94
48 483
288 337
314 202
206 58
99 290
382 217
106 87
82 139
495 471
426 135
15 443
138 252
325 360
84 19
350 486
394 452
349 45
257 65
96 61
374 124
313 77
154 268
476 338
270 132
386 364
476 208
488 78
49 366
339 223
159 421
145 346
383 110
358 182
196 194
365 196
181 402
500
263 199
479 155
427 26
186 187
124 474
75 188
442 70
414 419
264 377
337 152
121 290
282 146
71 53
256 384
295 405
494 301
295 201
323 285
459 233
271 351
201 427
387 177
169 207
307 490
237 364
451 278
423 101
454 425
158 279
403 139
401 282
132 154
19 69
346 330
165 292
3 202
168 457
431 179
433 496
201 435
313 106
461 34
44 495
308 315
36 358
180 393
186 494
363 421
186 460
169 21
179 499
188 216
326 122
24 428
2 339
112 75
424 247
338 396
266 147
221 87
104 385
119 45
146 433
23 480
276 148
327 169
77 35
120 328
20 3
254 74
71 277
295 8
334 349
178 336
333 286
196 466
345 415
357 311
110 414
423 350
81 194
74 176
455 213
422 362
369 465
470 488
280 238
325 32
469 346
378 306
201 352
444 268
311 458
55 119
107 54
38 284
382 28
321 126
262 307
288 206
444 388
332 497
452 232
400 283
327 85
323 253
394 468
389 43
312 395
281 345
215 175
269 476
302 265
390 153
132 422
1 333
404 370
404 248
229 296
229 297
76 140
91 22
240 40
345 305
21 288
88 309
14 379
209 287
243 173
138 323
256 91
475 382
262 408
246 219
176 445
215 80
211 407
359 327
30 17
203 112
492 71
372 440
308 200
50 281
46 163
250 185
271 244
206 398
42 172
181 47
483 168
157 312
167 36
395 436
5 482
94 230
376 254
19 181
94 167
181 447
136 263
194 191
15 481
144 94
374 341
33 13
16 196
208 129
240 417
195 55
437 98
194 30
351 143
425 255
148 29
24 252
69 77
183 144
349 360
442 304
65 464
189 273
486 413
96 214
261 104
263 324
96 51
437 81
430 138
83 448
162 72
359 116
211 157
2 267
35 359
303 295
357 239
362 270
65 432
103 108
125 371
335 340
240 271
273 298
128 83
188 484
444 325
349 198
60 246
74 78
9 170
279 322
381 220
186 409
298 88
59 93
353 348
224 52
120 48
444 90
464 102
243 261
417 46
215 406
300 23
249 441
27 498
329 215
411 58
288 228
93 14
251 258
136 257
302 120
493 19
289 86
335 221
129 57
359 310
466 479
154 331
11 489
57 469
4 158
292 303
68 125
15 289
397 15
131 342
495 203
254 241
74 256
145 171
433 335
176 197
76 500
254 299
335 135
473 354
196 236
122 374
214 64
156 302
494 485
384 329
444 308
459 223
177 319
239 343
315 375
216 424
64 367
152 182
76 130
434 132
14 131
469 397
351 6
181 121
13 105
103 195
357 7
25 49
162 338
184 245
358 249
471 442
440 475
194 321
95 142
434 316
362 478
412 149
199 291
361 403
206 418
89 293
316 357
29 294
310 110
15 39
163 4
158 493
267 150
95 318
160 491
335 259
237 449
450 145
421 107
458 313
96 164
411 276
205 317
372 204
253 50
282 459
31 56
295 63
129 67
73 60
233 251
37 400
418 387
115 389
328 483
40 160
364 227
122 97
157 79
69 89
189 416
301 450
398 269
344 38
352 426
307 430
31 9
37 334
499 211
382 394
233 392
387 27
471 272
269 133
106 240
132 366
173 461
132 162
413 420
327 234
287 186
28 386
397 462
272 429
86 128
437 344
171 411
186 361
148 444
300 137
323 161
194 380
89 410
132 174
9 431
372 243
465 452
20 451
295 124
490 439
295 226
208 95
321 20
326 274
39 225
291 217
250 192
395 381
130 205
79 356
15 16
171 10
19 1
3 378
377 402
448 438
116 472
383 224
148 156
322 24
76 486
454 368
205 434
353 103
257 184
260 250
150 31
325 280
64 404
411 111
184 12
241 99
347 477
83 391
219 332
61 18
458 353
394 446
293 190
142 355
10 114
299 326
123 210
304 320
281 453
449 300
220 423
499 61
72 373
451 487
295 141
41 73
115 2
342 209
58 212
168 222
335 467
429 92
27 180
91 159
257 183
74 65
131 264
359 365
359 33
308 117
352 66
146 218
254 455
55 41
209 266
275 372
423 473
267 62
188 456
44 59
186 134
172 443
258 229
130 231
208 123
101 165
268 76
85 369
493 347
222 118
93 100
323 454
319 82
8 166
249 37
398 401
261 25
68 314
11 113
345 44
310 42
59 193
283 463
16 492
304 237
313 208
95 275
301 189
23 412
201 235
225 390
460 178
272 115
351 242
348 96
368 5
412 151
229 127
499 260
17 262
134 399
386 376
338 363
243 68
197 136
385 471
456 84
440 337
383 437
412 11
109 383
470 109
500
242 147
379 413
365 289
189 328
244 405
342 249
338 292
415 314
85 403
351 455
119 427
79 320
227 134
188 95
399 184
286 155
316 384
96 66
205 460
408 15
273 284
350 288
240 98
430 429
91 104
471 74
112 438
39 334
479 163
349 245
171 187
371 420
80 255
388 350
378 435
418 100
247 327
319 272
206 3
337 18
336 57
330 261
258 167
429 298
75 158
220 120
312 90
261 59
415 311
141 333
249 482
169 297
108 361
343 168
315 493
417 281
410 258
240 174
5 312
290 264
106 70
129 257
13 395
185 356
6 188
437 323
440 402
63 397
347 52
55 127
446 338
263 25
472 329
72 69
290 466
38 214
18 370
438 102
86 123
280 5
284 30
252 386
275 414
325 166
183 490
274 367
199 342
441 498
74 191
356 151
314 463
372 34
18 101
453 144
117 481
244 210
119 157
22 373
332 36
405 441
94 121
27 239
424 500
177 321
428 195
59 363
362 47
388 259
71 326
95 346
136 374
320 392
312 21
496 222
67 434
334 73
107 39
350 263
42 55
331 282
202 179
18 349
385 32
170 453
373 45
337 216
97 53
138 389
123 301
387 241
267 492
472 260
3 400
150 24
383 276
375 380
456 1
214 478
161 461
482 394
408 497
422 161
392 279
101 317
475 11
385 415
70 313
122 58
164 399
409 377
304 105
247 451
143 75
486 404
120 203
11 229
426 271
330 412
174 277
262 459
433 78
181 110
108 376
86 160
33 242
443 390
422 354
217 223
339 190
434 469
394 60
429 80
277 42
212 108
244 35
186 345
208 143
332 85
53 457
227 379
178 76
87 200
354 91
119 183
496 219
371 473
17 283
248 486
306 303
222 17
186 9
308 388
485 193
16 31
415 176
404 266
44 225
217 267
500 138
453 340
183 437
75 322
437 142
233 185
303 368
365 304
19 79
349 199
352 247
244 109
155 371
477 208
255 93
409 280
211 332
296 330
231 302
36 421
451 295
145 353
119 189
23 72
69 209
245 50
266 38
151 226
423 205
356 180
294 407
282 192
379 212
489 64
286 233
435 118
22 433
48 82
417 37
174 410
485 94
383 43
29 128
131 472
34 194
447 296
3 175
353 253
360 218
489 465
129 316
499 117
244 162
266 359
211 146
267 20
488 169
232 83
147 364
209 401
466 7
476 152
243 135
382 16
467 442
496 419
446 251
149 111
224 396
267 2
248 215
204 381
191 273
72 246
76 307
243 425
124 243
243 382
488 344
185 140
93 285
203 475
136 133
317 201
395 186
72 496
225 77
45 56
470 439
347 446
404 262
120 224
7 248
458 290
464 67
422 265
331 141
211 252
304 235
305 172
11 149
223 444
309 357
21 227
276 391
251 352
460 139
23 99
457 479
110 238
425 324
499 436
53 156
22 424
55 26
194 88
205 476
457 137
360 480
250 443
61 426
97 306
392 220
387 406
129 159
211 130
187 308
266 81
106 450
37 48
37 343
53 84
173 351
392 454
329 477
133 124
466 236
198 487
486 150
206 275
461 29
250 126
394 499
19 274
401 89
108 305
79 366
43 362
106 378
345 318
31 456
32 13
77 196
223 430
85 331
413 211
136 495
467 125
235 6
108 213
500 217
370 440
288 462
417 40
47 61
172 355
443 114
114 49
302 115
35 232
322 148
107 309
360 315
315 432
405 107
91 408
284 464
325 8
124 485
67 165
340 458
493 231
496 136
309 182
249 41
242 44
471 447
289 398
258 4
378 228
129 221
167 300
170 54
57 244
69 387
37 369
256 310
217 418
299 372
28 153
220 254
467 474
384 383
153 65
465 286
40 106
140 68
474 471
173 10
336 131
262 488
404 71
475 347
182 483
117 103
277 86
450 113
362 365
205 237
201 230
464 173
4 448
88 87
331 23
9 431
132 484
367 207
416 63
452 145
357 132
194 234
17 489
56 256
489 299
251 291
219 122
112 416
484 411
132 250
195 341
69 270
136 449
349 422
368 335
21 423
142 202
421 278
226 393
382 181
148 92
13 33
361 375
63 22
475 27
138 470
17 294
69 240
11 339
442 358
161 119
50 197
123 178
114 445
472 467
400 385
328 154
451 28
48 198
79 14
99 337
37 12
302 19
83 177
87 360
288 164
145 319
402 325
236 491
179 268
38 129
481 204
393 452
436 417
127 170
151 206
14 468
367 46
97 96
367 112
436 348
495 494
339 51
310 293
47 269
181 62
487 287
454 116
412 409
164 336
392 428
466 97
500
389 241
85 397
465 170
254 223
105 178
49 332
164 217
415 55
200 61
12 124
154 195
191 334
356 89
355 281
242 489
455 56
348 119
107 205
268 36
245 365
100 44
350 104
500 80
342 356
275 220
414 151
386 161
336 426
413 324
423 94
229 153
469 414
223 293
325 22
81 475
62 381
268 83
79 185
429 45
44 92
161 233
226 144
250 380
121 43
494 273
151 294
260 430
190 202
167 296
389 358
453 482
405 378
177 492
472 422
184 11
223 331
345 295
9 370
34 120
308 268
387 186
269 266
29 60
48 171
484 242
77 190
484 425
434 401
137 405
256 81
487 67
500 384
347 29
476 59
19 421
9 136
48 315
284 90
201 42
131 110
75 458
497 87
355 85
181 163
22 66
324 57
458 238
311 111
182 39
218 481
345 446
96 322
471 13
354 428
180 156
185 152
10 271
9 441
141 257
279 1
72 290
396 32
338 187
306 409
294 400
1 468
8 130
45 47
24 396
130 433
371 23
253 299
166 472
261 456
423 327
172 48
96 406
86 109
276 248
319 240
107 298
201 460
63 98
472 79
284 386
58 419
287 423
96 75
205 288
104 292
304 314
167 28
293 466
313 377
216 450
131 434
225 272
471 137
109 106
35 410
299 443
308 352
362 128
283 174
10 102
77 154
225 306
130 259
5 252
54 17
126 54
378 341
324 392
474 399
288 261
134 488
112 484
240 493
72 366
80 173
110 230
68 8
19 447
282 70
179 280
362 262
202 309
493 141
107 345
260 204
421 27
171 225
429 388
218 375
405 121
334 125
302 236
31 470
443 135
7 255
472 275
25 269
372 143
157 330
203 474
86 37
414 500
435 24
60 51
82 133
296 376
193 207
114 74
385 33
436 499
309 477
235 251
496 451
23 407
451 113
453 359
404 274
499 196
344 316
324 20
133 369
322 340
300 123
241 497
432 270
371 431
75 168
400 337
456 157
297 180
251 491
161 469
391 53
471 4
164 260
97 31
259 122
439 150
413 336
40 440
255 14
127 495
51 131
421 408
338 249
493 12
411 276
294 175
480 201
410 485
439 435
238 78
35 245
225 267
410 203
377 112
289 364
366 246
356 333
64 226
467 471
2 452
397 412
128 179
16 449
266 158
456 437
158 234
402 232
112 145
429 25
457 219
51 379
150 129
196 7
106 368
91 328
37 62
176 166
358 15
272 393
83 429
369 63
69 462
315 2
236 116
249 486
435 253
321 444
207 139
13 476
45 155
69 438
232 263
106 402
321 339
424 160
473 367
126 73
24 216
292 46
301 114
500 348
326 285
1 297
69 323
268 243
382 349
46 69
418 427
496 436
464 208
249 372
301 289
88 480
157 287
214 335
364 82
393 228
98 247
413 72
134 224
440 465
329 222
155 490
345 93
54 169
481 231
205 132
17 305
55 463
133 34
425 181
243 182
324 71
157 172
417 362
148 239
198 206
408 221
71 95
31 318
446 101
263 448
237 65
168 250
6 76
384 343
68 363
423 355
218 140
96 105
317 9
154 432
278 398
283 302
445 374
138 303
27 18
217 478
319 354
384 258
206 264
436 100
477 338
348 457
317 291
331 50
429 147
106 461
7 210
56 361
121 453
87 394
408 256
360 413
27 416
438 278
348 454
166 391
465 183
363 473
491 126
96 455
373 346
134 200
393 103
482 35
197 351
376 197
18 215
43 146
21 424
126 350
110 115
475 21
107 479
296 395
328 84
177 189
450 117
294 467
22 237
188 97
25 107
358 445
168 88
75 162
295 188
379 118
73 439
468 282
441 254
157 420
380 192
53 283
254 149
67 307
145 342
486 193
300 19
293 326
21 417
382 483
36 277
87 41
221 310
89 164
369 403
455 357
49 244
208 312
439 320
156 227
149 319
128 344
184 311
129 229
116 138
222 390
44 213
238 218
433 127
343 317
140 308
255 313
214 142
227 40
116 404
4 52
16 91
435 26
118 165
18 77
9 58
454 300
56 167
397 442
426 387
62 498
136 360
304 383
200 199
429 325
182 321
482 304
253 459
236 86
354 214
255 385
327 284
189 211
7 235
232 411
293 148
443 301
367 279
95 177
18 5
45 415
280 382
129 16
175 286
186 373
278 265
17 191
375 30
252 209
5 212
489 134
437 496
151 176
192 159
390 96
114 10
217 6
318 347
264 418
453 464
143 487
445 99
301 184
486 3
360 68
96 49
170 64
197 494
290 389
470 198
371 329
439 108
242 353
38 371
19 194
500
256 399
464 224
136 50
166 347
143 408
472 54
424 92
447 82
424 61
14 409
339 26
359 367
101 207
164 306
462 203
77 326
139 210
335 42
113 285
312 282
101 313
66 6
52 333
247 382
170 387
76 188
436 111
22 434
134 422
157 256
33 451
118 152
93 491
398 431
416 343
114 153
257 385
138 424
228 365
254 471
188 132
160 417
365 247
341 291
275 186
201 402
229 296
177 47
209 122
409 345
151 44
190 59
250 28
457 246
204 83
206 500
31 230
494 45
279 472
492 219
381 98
179 69
97 249
119 391
323 88
168 459
350 352
357 107
199 209
291 288
35 40
269 182
137 167
279 25
410 10
363 68
357 139
467 397
404 121
499 456
70 381
221 476
367 127
206 80
381 469
466 58
247 74
420 474
81 421
140 225
419 444
465 245
410 452
41 117
238 48
352 235
231 356
1 359
423 268
497 284
166 335
63 416
106 162
147 473
346 151
498 410
460 262
3 66
150 327
342 314
12 280
200 489
402 396
136 496
59 334
487 239
167 302
107 226
179 269
26 461
49 364
27 217
488 305
280 4
172 415
3 57
188 448
472 360
364 29
215 231
14 23
59 445
476 298
277 3
248 11
24 429
231 494
309 407
104 293
318 315
259 103
91 194
88 216
442 243
166 126
130 341
54 323
340 447
413 351
311 131
124 175
55 453
7 218
431 309
250 94
178 208
85 308
250 486
280 149
399 250
494 85
469 180
167 420
158 150
236 15
52 460
424 197
2 470
49 300
302 114
135 428
90 212
108 405
226 232
127 348
123 339
175 145
401 393
22 330
372 172
269 436
34 406
139 272
208 32
250 319
104 321
319 99
141 43
141 9
406 413
254 89
263 479
225 394
108 220
405 201
380 211
367 261
206 223
44 425
315 346
339 419
500 72
5 46
14 96
316 242
54 192
309 215
257 62
232 33
45 78
215 7
459 163
141 320
430 154
112 130
279 191
91 64
454 368
109 349
315 178
160 478
79 19
497 37
184 292
292 116
30 466
333 441
395 259
337 185
403 21
243 97
144 289
407 124
478 370
203 357
271 485
261 463
181 354
198 227
373 462
436 170
122 200
386 179
8 108
234 27
500 353
256 286
451 317
297 325
350 138
379 271
111 371
13 498
242 363
147 312
494 388
416 104
465 144
391 257
393 95
382 263
302 281
319 337
20 299
13 8
362 71
123 100
493 205
228 442
349 322
500 267
67 468
1 278
227 350
168 34
248 30
176 435
261 487
411 41
106 90
225 331
248 135
233 384
123 12
310 266
229 51
64 17
190 73
374 81
493 14
331 392
286 147
213 16
287 443
56 304
218 105
346 141
53 140
485 52
420 277
275 499
96 228
274 148
130 378
304 328
34 221
299 316
160 115
426 198
60 189
419 433
42 184
202 177
95 493
366 467
175 294
193 270
240 204
387 252
238 340
130 483
306 414
200 465
256 156
70 342
85 56
161 102
112 109
494 1
209 301
272 430
393 159
259 18
456 373
278 155
181 93
339 76
117 318
200 87
473 244
85 427
401 404
96 454
431 113
96 303
357 157
84 253
180 437
373 181
364 161
74 134
376 70
229 213
265 254
121 389
180 369
330 377
232 488
406 158
180 24
23 283
454 38
251 423
183 265
428 202
74 214
81 171
101 361
166 336
342 497
252 118
242 287
118 39
63 390
192 234
372 160
137 403
145 401
368 55
65 477
380 375
215 86
324 129
260 123
253 290
335 169
42 311
477 233
380 412
309 481
427 274
35 133
403 101
47 237
120 91
23 36
214 450
166 195
140 329
46 206
110 240
218 248
392 143
332 142
445 438
209 35
321 374
266 196
10 164
209 106
386 84
335 110
306 31
18 426
100 376
314 457
480 276
373 183
44 355
204 484
408 400
385 411
28 60
263 383
493 307
410 379
114 372
233 79
334 332
331 458
401 174
178 366
229 386
246 480
372 455
386 495
125 241
232 464
30 136
205 75
169 165
4 475
446 120
327 137
349 229
458 236
316 440
16 22
272 49
330 255
216 395
146 398
361 5
419 125
373 439
285 380
366 310
443 446
63 297
245 432
411 344
333 358
401 176
333 146
147 166
2 77
37 482
180 238
255 275
50 63
72 67
165 418
304 128
285 338
430 53
387 264
186 168
448 112
438 492
293 173
217 449
170 295
251 193
356 258
113 490
135 279
69 20
439 13
192 190
169 2
323 119
5 362
223 187
106 260
345 324
421 65
268 199
210 222
167 273
500
27 206
344 454
13 232
36 436
34 72
328 321
60 335
4 415
351 161
118 302
124 298
204 55
55 173
315 310
73 267
140 286
393 261
167 75
283 388
168 391
100 315
487 100
255 188
151 278
454 58
162 466
468 398
248 36
110 61
9 377
5 290
192 63
203 384
285 125
400 411
419 403
385 20
185 146
89 64
16 223
394 374
459 151
418 35
196 42
230 327
456 350
406 245
204 494
90 304
313 410
73 422
424 116
287 134
455 66
217 428
221 65
338 404
313 456
58 39
386 457
187 139
307 402
378 381
32 113
351 160
70 326
26 322
491 80
243 203
188 331
250 119
69 144
328 231
136 272
412 429
291 478
347 325
436 185
443 498
110 297
240 269
199 234
377 435
56 117
418 216
133 31
38 186
327 471
243 443
301 342
366 372
17 336
123 88
130 78
146 319
261 122
138 171
469 424
112 467
250 371
65 137
96 41
155 208
81 366
16 462
55 67
141 30
193 132
33 8
13 142
252 491
417 7
405 409
115 307
79 345
6 276
228 497
456 224
127 5
410 130
79 124
392 54
460 239
425 87
31 465
319 369
339 288
12 277
107 32
149 121
312 248
197 99
291 85
240 222
443 477
374 406
149 397
325 450
74 367
297 215
268 73
285 49
302 296
224 103
343 376
489 120
17 420
226 455
43 329
77 375
253 77
194 306
45 148
289 483
44 27
218 500
9 81
267 76
50 153
178 461
451 196
384 348
381 128
444 445
220 24
134 337
216 438
256 362
199 236
14 167
115 469
411 175
9 177
464 198
237 373
293 383
471 270
445 18
352 338
415 396
372 40
16 353
158 22
455 299
454 451
217 106
482 202
400 141
380 52
76 255
164 486
95 439
280 214
343 189
246 229
173 192
198 131
90 205
391 94
446 159
358 10
478 426
424 484
423 311
480 114
398 47
122 412
288 225
391 262
410 479
163 417
58 17
171 90
321 241
166 152
489 226
80 468
47 285
120 481
122 105
76 330
237 301
288 361
187 44
221 358
256 127
220 191
146 368
336 279
252 431
474 434
485 28
287 493
461 182
47 316
197 21
389 147
138 386
445 48
287 433
422 238
128 305
352 62
140 385
183 14
20 250
44 320
177 104
284 380
404 83
411 183
413 25
230 242
75 303
135 233
20 243
117 476
500 187
2 355
346 363
436 405
388 252
406 1
438 496
122 23
376 460
322 111
251 458
290 446
266 357
240 170
191 201
483 356
42 84
159 359
119 247
247 199
274 370
200 254
263 472
469 178
69 240
266 351
84 237
476 207
105 26
334 70
48 416
412 145
59 230
30 328
16 470
30 176
335 140
313 56
497 488
388 89
8 284
413 268
163 349
119 180
245 95
346 197
199 93
133 256
218 74
483 37
293 266
361 156
484 347
302 463
472 312
415 274
301 293
23 340
252 110
128 157
494 480
326 449
299 112
308 318
225 136
419 263
500 352
439 126
234 289
426 194
369 444
291 414
251 96
482 273
449 51
470 143
133 246
83 423
113 291
272 43
433 487
294 257
118 495
67 264
13 447
462 118
390 437
66 211
353 308
347 258
151 339
467 33
485 413
201 323
402 300
479 6
217 71
259 474
370 221
383 57
496 499
83 213
28 165
296 275
406 29
116 190
136 79
454 394
70 395
91 38
145 260
369 123
421 448
436 68
272 400
6 91
401 220
237 12
129 442
492 473
339 115
221 332
479 133
397 271
487 490
271 287
391 138
448 200
153 168
220 107
297 259
382 292
92 452
466 314
85 425
338 313
346 360
99 489
229 475
191 482
121 228
41 45
408 174
296 333
113 92
48 34
278 219
303 281
421 19
175 341
144 108
164 212
270 408
197 459
308 46
303 334
293 163
436 204
407 60
63 389
465 109
46 418
493 453
150 251
205 295
452 195
419 150
200 294
465 181
471 13
137 193
76 16
21 317
439 379
442 154
470 253
79 164
383 3
177 324
83 101
307 464
225 421
243 149
220 97
388 9
113 280
162 485
193 492
293 235
488 98
447 343
4 432
246 346
43 427
173 441
125 158
492 209
237 2
279 172
405 249
481 393
489 166
21 4
346 102
172 169
169 50
370 419
127 440
335 309
258 162
372 387
429 244
458 407
161 365
451 129
164 401
5 69
214 265
63 227
479 15
281 155
241 344
464 210
194 282
215 135
80 218
367 53
179 364
371 354
378 430
47 179
381 382
54 283
376 390
363 378
450 399
369 217
82 392
469 11
437 82
198 86
184 59
500
248 461
93 377
216 304
123 214
196 64
209 305
266 134
100 307
284 236
423 390
480 10
372 205
410 388
306 100
224 244
222 168
362 113
296 52
419 248
259 199
355 301
384 416
99 36
247 335
87 345
34 69
258 340
476 332
449 247
234 288
478 12
388 209
327 419
386 411
314 297
216 314
75 303
338 425
273 410
124 127
429 291
355 144
168 361
343 268
233 174
281 139
196 366
9 38
210 330
281 448
292 370
417 249
468 379
36 195
271 309
300 34
345 465
438 362
337 201
495 44
128 55
387 88
160 98
181 184
368 183
182 119
230 224
187 161
67 482
492 197
381 46
45 400
78 331
151 103
52 321
313 402
102 58
446 473
91 70
60 18
447 57
471 222
200 40
254 467
128 135
219 39
97 469
365 203
419 421
369 164
93 277
497 315
406 260
414 23
77 300
91 175
224 95
357 380
27 128
56 71
350 221
65 258
143 488
439 281
96 232
443 124
422 47
448 462
73 72
209 341
118 165
69 86
280 30
41 213
286 454
307 177
307 334
11 394
217 143
174 375
393 312
420 378
217 407
458 212
357 456
118 306
240 389
440 316
286 289
286 337
313 373
279 219
463 237
104 475
372 492
77 352
27 217
281 481
210 457
399 233
61 65
485 75
62 445
23 279
462 238
56 369
449 275
260 105
415 313
73 292
272 108
377 154
424 163
412 308
220 318
309 87
375 102
455 339
201 189
154 200
470 422
55 190
407 240
4 376
285 146
111 342
141 162
231 21
29 351
442 432
56 298
53 101
373 269
175 122
271 497
117 440
476 61
336 160
157 187
83 171
244 328
267 20
411 396
477 63
89 74
336 466
368 6
402 371
272 319
254 131
483 192
97 446
456 276
461 181
35 81
58 117
235 229
72 234
486 483
420 77
166 79
308 186
100 498
253 429
216 173
423 344
370 3
286 133
158 156
471 294
10 479
75 191
378 385
416 167
312 438
394 9
491 96
152 35
53 206
371 15
62 327
418 68
344 296
423 286
51 399
34 443
492 264
3 210
177 149
422 218
249 403
378 372
355 118
124 211
197 491
6 255
392 480
316 145
186 53
314 430
203 474
404 381
235 196
55 257
65 4
105 62
407 323
270 493
317 471
273 125
1 349
35 470
306 216
214 295
84 274
300 110
87 2
226 310
346 495
415 355
311 253
35 11
185 356
140 353
451 13
104 262
422 92
326 468
423 59
144 484
233 322
259 393
299 363
160 129
47 464
364 152
313 188
250 452
421 220
359 478
68 368
188 367
296 336
6 338
171 25
89 123
196 397
453 320
75 109
81 476
115 157
435 259
465 282
219 137
349 364
439 252
174 31
8 208
189 170
184 270
391 449
167 22
441 434
399 489
464 51
344 365
278 311
61 8
472 27
186 436
147 14
145 442
381 42
277 348
151 391
165 126
279 185
103 147
94 263
453 486
304 329
354 413
35 83
142 85
408 324
263 121
308 317
53 153
152 453
405 354
19 278
264 60
103 272
429 267
255 179
452 463
38 496
290 415
333 19
267 76
444 290
43 386
346 273
137 405
457 500
23 48
180 50
58 90
234 226
63 169
240 140
11 225
18 231
88 325
245 29
343 395
125 450
292 7
385 89
263 472
94 431
351 5
418 299
493 427
61 43
45 444
433 459
319 241
6 428
135 285
77 266
331 477
370 235
371 141
418 99
438 412
8 178
490 202
306 360
106 130
340 159
99 32
106 433
77 265
496 359
367 204
259 80
456 437
265 455
483 136
320 254
210 91
453 138
164 45
112 271
173 343
160 384
232 404
402 424
45 398
439 458
275 82
124 155
74 451
66 392
25 49
250 417
383 414
157 401
456 17
62 499
327 94
61 97
211 447
391 172
163 256
483 423
251 26
433 441
361 358
456 28
245 409
244 120
378 207
365 426
91 198
348 37
484 158
208 374
411 151
332 284
60 132
478 435
83 460
182 107
205 104
34 148
27 439
340 357
422 487
178 418
152 387
147 166
309 67
223 115
107 287
465 250
351 239
139 142
500 243
276 293
414 326
399 193
47 16
413 112
331 245
500 490
387 246
417 261
354 230
215 350
259 150
396 346
168 302
362 41
101 116
399 176
230 78
262 280
492 408
127 24
76 494
157 73
474 93
235 406
341 106
370 227
51 194
270 54
172 283
126 383
312 251
353 56
456 420
100 66
353 333
443 228
183 223
11 114
88 485
443 242
328 84
111 1
481 215
144 382
305 347
349 33
440 182
180 111
500
495 367
296 284
65 168
297 395
36 141
348 45
185 147
278 181
121 76
247 134
131 412
144 356
394 277
208 154
349 376
99 171
443 360
179 437
254 159
468 485
30 466
231 66
127 463
343 253
494 5
234 49
31 326
476 441
378 9
190 79
113 62
167 179
252 448
23 374
269 402
83 103
285 214
104 80
464 319
215 12
173 83
264 40
279 266
7 335
156 48
483 430
392 182
175 480
319 160
50 321
416 409
381 18
38 450
443 150
113 315
404 391
293 413
183 256
15 29
178 282
5 455
239 368
281 410
279 474
456 10
273 393
182 404
220 221
84 347
333 167
43 387
51 36
255 14
55 248
227 4
288 417
389 201
212 491
162 348
83 127
224 22
272 254
200 57
390 432
122 128
207 222
482 447
230 101
460 91
62 17
378 308
442 11
215 224
55 190
289 242
469 420
91 251
158 194
454 406
429 38
293 185
212 482
80 285
482 118
275 23
88 102
293 110
149 153
50 186
401 144
12 217
455 188
338 19
474 223
37 191
386 419
424 140
172 288
214 2
202 183
499 161
358 70
93 235
333 1
485 280
120 61
397 192
32 63
248 116
163 6
252 125
10 265
139 492
302 390
476 177
350 143
176 138
111 73
109 121
380 433
459 232
470 445
150 421
319 351
255 357
270 298
413 310
83 149
367 41
292 175
145 401
357 283
80 146
380 339
168 411
235 46
419 245
493 471
377 304
177 219
61 43
457 456
490 228
352 184
424 299
449 108
5 370
347 399
164 438
358 462
331 115
357 469
382 309
393 250
45 342
60 123
233 294
203 52
302 380
90 386
344 86
350 454
271 359
72 107
372 240
135 239
297 496
180 358
409 270
426 345
389 352
486 475
197 470
329 365
121 220
344 296
210 434
385 426
254 468
118 198
342 249
363 337
43 255
309 453
158 51
254 7
404 90
31 476
189 216
382 211
414 164
352 120
129 362
118 258
71 388
42 424
219 142
34 165
65 50
425 31
466 416
182 75
421 97
235 267
382 325
355 189
141 27
295 92
186 333
47 440
367 28
98 403
349 486
30 100
434 21
238 69
196 236
316 135
52 489
373 494
381 156
145 291
273 257
42 35
474 137
245 425
394 260
175 65
433 60
217 311
224 210
137 460
428 307
124 369
150 104
343 166
183 68
300 377
293 230
31 271
183 292
187 382
268 435
451 58
494 451
348 231
149 314
95 109
31 498
189 487
368 305
369 272
217 169
18 286
330 328
133 42
58 408
86 124
2 349
124 158
489 122
187 477
473 405
468 287
162 227
213 246
360 371
418 361
346 330
396 71
179 252
88 208
170 344
84 317
439 276
197 87
11 422
247 117
44 234
409 139
327 119
413 350
482 98
492 133
101 297
15 327
103 322
77 300
459 443
318 247
461 415
281 273
90 472
215 78
27 113
148 225
96 88
308 30
297 81
424 500
168 93
134 363
54 302
4 53
363 99
368 59
73 205
419 24
280 397
179 15
66 306
66 200
166 151
453 174
333 483
394 131
232 431
102 407
320 39
226 233
154 55
132 238
357 372
393 452
121 130
259 428
181 193
166 481
110 82
124 478
243 495
360 145
39 394
489 458
328 293
28 157
371 497
468 499
452 105
357 459
214 84
340 261
307 136
459 274
83 16
183 313
306 334
392 44
256 204
68 180
139 106
457 442
454 375
70 457
253 20
334 3
218 202
78 212
176 47
480 207
281 320
97 381
85 262
247 64
445 493
443 473
84 26
4 279
201 436
491 318
159 173
301 479
444 244
181 464
278 74
443 295
460 383
225 385
193 72
455 449
235 155
4 172
390 89
332 355
480 289
314 353
478 37
255 398
286 67
226 338
235 187
147 264
116 392
86 278
441 226
61 25
406 94
374 331
296 336
96 195
395 178
403 301
199 467
102 162
229 396
97 461
36 263
246 56
495 32
242 13
131 414
408 324
427 209
473 340
270 268
173 364
295 346
368 389
147 341
24 379
375 488
114 152
239 132
205 170
11 269
222 163
18 77
257 465
363 34
106 323
313 229
162 197
374 446
208 95
248 259
443 148
336 332
386 290
330 213
396 312
114 241
285 439
429 176
451 329
15 54
405 384
213 444
257 203
398 218
278 237
368 215
267 33
343 243
290 199
319 206
382 378
129 111
477 281
347 85
27 366
435 490
100 303
369 373
486 129
407 112
121 354
2 275
337 429
275 8
122 196
495 423
451 96
294 114
418 316
481 418
300 427
436 484
441 400
104 126
500
153 33
195 303
482 37
347 146
267 31
442 403
253 21
382 482
201 418
444 78
310 258
451 120
16 32
69 265
92 468
471 459
421 89
327 285
163 464
321 73
89 261
284 279
120 346
355 375
379 467
52 243
344 109
193 62
166 58
403 305
475 184
284 352
437 1
96 472
3 69
399 214
218 116
281 14
129 327
395 77
274 415
35 342
239 83
61 187
308 9
332 251
341 336
133 423
195 426
377 408
469 208
164 95
402 112
75 19
230 310
106 475
192 345
488 272
109 343
381 396
291 201
331 362
289 473
171 489
143 126
462 160
455 328
411 221
338 90
254 180
12 128
195 131
395 417
228 209
56 386
73 194
279 203
437 469
400 130
234 107
309 98
341 235
168 154
253 430
496 134
419 314
401 119
384 178
422 432
281 347
479 223
188 451
226 453
453 296
484 463
131 382
163 341
376 129
90 135
42 497
214 175
77 238
183 449
485 454
428 301
362 461
289 63
333 379
445 358
302 318
13 239
297 218
128 79
86 145
282 143
437 266
13 389
134 205
176 34
458 12
274 179
127 220
127 64
367 213
79 476
464 361
150 474
345 150
365 80
406 181
37 29
73 298
490 260
238 171
274 202
438 276
164 360
25 219
466 284
396 45
326 481
487 406
489 356
70 117
403 407
120 441
118 442
316 383
100 10
384 8
380 273
18 299
440 106
101 330
243 317
445 85
494 67
268 439
106 26
361 288
500 104
367 478
454 409
199 334
146 199
72 164
309 234
287 393
29 410
285 144
272 445
234 166
466 376
154 156
259 357
321 264
209 39
383 429
492 287
62 302
66 351
495 452
187 56
165 231
414 488
38 456
280 87
159 443
291 353
48 102
431 368
339 320
339 405
28 392
365 236
185 84
123 372
158 420
165 424
489 247
283 370
163 438
312 183
43 254
321 387
123 165
192 149
142 182
430 157
221 436
230 499
325 487
315 377
68 55
500 270
124 52
467 496
379 114
186 479
254 217
37 237
82 161
346 22
317 340
55 401
445 110
299 378
10 256
363 399
201 255
332 42
246 295
457 402
27 333
102 321
46 394
391 5
406 363
136 485
114 371
288 470
41 43
24 484
185 193
20 159
461 162
370 466
458 59
395 329
176 245
272 74
279 450
251 197
251 18
432 280
132 108
232 331
25 490
364 153
441 344
159 309
153 122
270 75
390 224
154 66
44 316
219 398
327 291
468 215
144 412
216 27
92 82
74 252
205 381
230 286
52 196
130 322
499 325
437 374
475 369
264 225
189 207
477 127
287 428
215 268
229 140
464 16
77 118
294 433
412 495
445 20
396 228
209 53
446 416
445 339
473 326
67 190
9 246
491 44
441 271
162 23
339 170
136 142
324 47
217 259
263 366
125 46
57 6
447 93
455 263
380 35
475 227
351 3
261 354
195 248
447 253
156 493
21 262
353 177
436 440
302 367
211 61
274 99
168 455
375 349
361 294
455 365
127 462
306 200
81 458
165 289
336 138
441 41
145 315
121 191
177 101
189 232
295 50
436 94
330 76
52 148
56 324
432 427
271 28
356 275
290 465
105 230
83 57
266 414
459 51
272 492
421 457
374 338
257 151
226 486
282 229
332 132
228 274
394 172
426 24
275 188
191 244
424 54
207 40
89 312
262 267
487 195
47 25
270 2
226 307
283 216
386 240
257 447
28 434
379 86
400 124
99 155
161 435
379 185
493 313
467 400
150 125
308 269
370 308
337 364
390 480
34 136
138 431
439 60
157 471
301 257
416 460
133 500
195 176
429 233
442 210
93 137
375 494
466 163
141 359
391 226
398 355
499 88
465 168
393 96
331 158
259 7
248 91
128 103
436 206
490 186
296 380
418 81
454 17
147 311
215 249
93 111
373 250
262 173
203 385
188 411
367 323
156 448
484 304
404 192
188 123
97 115
140 167
353 437
454 121
215 348
79 211
143 384
48 319
451 388
455 139
49 30
265 283
196 483
479 282
23 68
302 113
303 444
262 391
316 72
485 71
90 300
219 4
149 242
393 281
209 100
405 477
153 425
342 48
483 70
82 421
311 241
337 198
88 38
267 13
223 97
279 404
268 498
144 141
230 174
72 397
61 395
376 297
481 446
36 49
96 292
393 350
204 491
495 169
17 306
363 277
368 413
25 65
297 212
354 133
275 337
323 36
450 11
498 290
30 332
164 147
484 152
45 278
471 204
206 422
136 92
243 335
69 222
137 293
240 15
331 105
346 419
382 390
373 189
