30
100
136 101
137 102
138 101
139 102
140 101
141 101
142 101
143 102
144 102
145 103
146 104
147 103
148 102
149 103
150 104
151 103
152 104
153 103
154 104
155 105
156 106
157 106
158 105
159 106
160 106
161 107
162 106
163 106
164 107
165 108
166 109
167 110
168 110
169 110
170 111
171 111
172 110
173 109
174 108
175 109
176 109
177 108
178 107
179 107
180 106
181 107
182 108
183 108
184 109
185 108
391 25
392 26
393 25
394 26
395 25
396 25
397 26
398 26
399 27
400 28
401 28
402 29
403 30
404 30
405 29
406 29
407 30
408 29
409 28
410 29
411 30
412 30
413 31
414 32
415 31
416 32
417 32
418 33
419 34
420 34
421 35
422 36
423 37
424 37
425 36
426 37
427 36
428 37
429 38
430 39
431 40
432 41
433 41
434 42
435 42
436 43
437 44
438 45
439 46
440 47
100
22 98
23 99
24 100
25 101
26 102
27 103
28 102
29 102
30 101
31 102
32 103
33 102
102 387
103 388
104 389
105 390
106 391
107 392
108 393
109 394
110 393
111 392
112 391
113 392
169 94
170 95
171 96
172 97
173 98
174 98
175 99
176 98
177 99
178 99
179 100
180 100
226 264
227 263
228 264
229 265
230 266
231 265
232 265
233 266
234 267
235 268
236 268
237 269
262 139
263 140
264 141
265 142
266 141
267 140
268 141
269 140
270 140
271 139
272 140
273 141
352 493
353 494
354 493
355 492
356 493
357 493
358 492
359 493
360 493
361 492
362 491
363 492
414 71
415 72
416 73
417 74
418 75
419 74
420 75
421 76
422 76
423 77
424 76
425 77
439 95
440 96
441 95
442 95
443 96
444 97
445 98
446 97
447 97
448 98
449 97
450 96
451 97
452 98
453 97
454 96
100
26 126
27 127
28 128
29 128
30 129
31 129
32 128
33 129
34 128
35 127
36 128
59 36
60 37
61 38
62 39
63 40
64 41
65 42
66 43
67 43
68 44
69 45
121 178
122 177
123 178
124 179
125 180
126 181
127 182
128 182
129 183
130 184
131 185
170 36
171 35
172 35
173 35
174 36
175 37
176 37
177 38
178 39
179 40
180 41
233 263
234 264
235 264
236 265
237 264
238 263
239 264
240 264
241 265
242 266
243 267
312 441
313 441
314 440
315 440
316 441
317 440
318 441
319 440
320 441
321 441
322 442
364 222
365 223
366 224
367 225
368 225
369 226
370 227
371 227
372 227
373 227
374 228
426 495
427 494
428 493
429 494
430 493
431 494
432 495
433 495
434 494
435 495
436 495
464 223
465 224
466 225
467 226
468 225
469 226
470 226
471 226
472 227
473 228
474 229
475 229
100
16 50
17 49
18 50
19 51
20 52
21 51
22 51
23 50
24 51
25 50
64 488
65 487
66 487
67 488
68 488
69 489
70 490
71 490
72 489
73 490
109 500
110 499
111 500
112 500
113 500
114 500
115 500
116 500
117 499
118 500
189 338
190 339
191 340
192 339
193 340
194 341
195 342
196 342
197 343
198 343
202 32
203 33
204 34
205 35
206 36
207 35
208 36
209 37
210 38
211 38
290 177
291 178
292 178
293 179
294 180
295 181
296 181
297 182
298 183
299 183
327 47
328 48
329 49
330 50
331 51
332 50
333 51
334 51
335 50
336 49
390 328
391 327
392 327
393 328
394 327
395 326
396 327
397 328
398 328
399 328
401 83
402 84
403 85
404 85
405 86
406 87
407 87
408 88
409 89
410 88
463 289
464 290
465 291
466 292
467 292
468 291
469 292
470 293
471 292
472 293
100
19 146
20 145
21 146
22 146
23 146
24 145
25 146
26 147
27 148
28 147
29 147
30 148
112 373
113 374
114 374
115 375
116 376
117 377
118 376
119 377
120 376
121 375
122 375
123 376
139 217
140 218
141 217
142 216
143 217
144 218
145 218
146 219
147 220
148 221
149 220
150 221
203 272
204 272
205 273
206 274
207 273
208 274
209 275
210 275
211 274
212 275
213 276
214 277
276 259
277 258
278 259
279 259
280 260
281 260
282 260
283 260
284 261
285 262
286 263
287 262
344 112
345 113
346 114
347 114
348 114
349 113
350 112
351 113
352 114
353 113
354 112
355 113
409 214
410 214
411 214
412 215
413 216
414 217
415 218
416 219
417 220
418 221
419 222
420 221
468 9
469 10
470 10
471 11
472 10
473 10
474 11
475 12
476 13
477 14
478 15
479 16
480 17
481 18
482 19
483 19
100
17 173
18 173
19 173
20 174
21 175
22 176
23 177
24 178
25 179
26 179
27 180
73 81
74 82
75 83
76 83
77 83
78 83
79 83
80 84
81 85
82 84
83 85
118 125
119 126
120 126
121 127
122 127
123 128
124 129
125 130
126 131
127 132
128 133
185 88
186 89
187 90
188 91
189 90
190 89
191 88
192 87
193 88
194 89
195 90
264 482
265 483
266 482
267 482
268 483
269 482
270 483
271 482
272 483
273 482
274 483
321 262
322 263
323 264
324 263
325 264
326 265
327 265
328 266
329 267
330 268
331 268
360 71
361 72
362 73
363 74
364 75
365 76
366 76
367 76
368 75
369 74
370 75
423 8
424 8
425 7
426 8
427 8
428 8
429 7
430 8
431 9
432 10
433 11
462 39
463 40
464 39
465 40
466 41
467 40
468 40
469 41
470 42
471 43
472 44
473 45
100
76 65
77 64
78 65
79 66
80 67
81 68
82 69
83 70
84 71
85 70
86 70
87 71
88 72
89 73
90 74
91 74
92 75
93 76
94 77
95 76
96 77
97 76
98 77
99 78
100 77
101 78
102 79
103 80
104 81
105 80
106 79
107 78
108 79
109 79
110 80
111 81
112 81
113 82
114 83
115 84
116 85
117 85
118 86
119 87
120 88
121 87
122 88
123 89
124 90
125 90
126 91
127 92
128 93
129 94
130 95
131 96
132 95
133 96
134 97
135 96
136 97
137 97
138 98
139 97
140 97
141 98
142 99
143 98
144 99
145 100
146 101
147 102
148 101
149 100
150 99
151 100
152 101
153 101
154 102
155 102
156 102
157 101
158 100
159 100
160 101
161 102
162 103
163 104
164 105
165 106
166 107
167 108
168 109
169 110
170 110
171 111
172 111
173 110
174 109
175 110
100
51 98
52 99
53 100
54 100
55 101
56 102
57 103
58 104
59 105
60 106
61 107
62 106
63 106
64 107
65 108
66 109
67 109
68 110
69 109
70 110
71 110
72 111
73 112
74 113
75 114
133 458
134 457
135 457
136 457
137 456
138 457
139 458
140 459
141 459
142 459
143 460
144 460
145 461
146 462
147 463
148 464
149 465
150 465
151 465
152 464
153 464
154 465
155 466
156 467
157 468
278 77
279 77
280 77
281 76
282 77
283 78
284 78
285 79
286 78
287 79
288 78
289 77
290 76
291 77
292 78
293 79
294 78
295 79
296 79
297 79
298 78
299 79
300 80
301 80
302 81
434 144
435 143
436 144
437 143
438 144
439 145
440 144
441 145
442 146
443 147
444 148
445 147
446 147
447 147
448 146
449 145
450 145
451 144
452 145
453 146
454 146
455 147
456 148
457 149
458 148
100
40 119
41 120
42 121
43 121
44 122
45 121
46 122
47 121
48 122
49 122
50 123
51 123
52 124
53 124
54 123
55 122
56 123
57 123
58 124
59 125
115 274
116 273
117 273
118 273
119 273
120 274
121 273
122 274
123 273
124 274
125 274
126 275
127 276
128 277
129 278
130 279
131 280
132 279
133 278
134 278
253 74
254 74
255 74
256 74
257 73
258 72
259 73
260 74
261 75
262 76
263 75
264 75
265 74
266 74
267 73
268 74
269 75
270 76
271 77
272 78
359 440
360 441
361 441
362 442
363 443
364 444
365 445
366 446
367 446
368 447
369 448
370 449
371 448
372 449
373 450
374 451
375 450
376 449
377 449
378 448
467 361
468 362
469 363
470 364
471 364
472 365
473 365
474 364
475 365
476 365
477 366
478 365
479 366
480 366
481 365
482 366
483 367
484 366
485 366
486 367
100
52 88
53 89
54 88
55 87
56 87
57 88
58 87
59 88
60 89
61 89
62 90
63 89
64 90
65 89
66 90
67 89
68 90
69 91
70 90
71 91
72 91
73 92
74 93
75 92
76 93
77 94
78 94
79 93
80 93
81 93
82 94
83 94
84 94
85 94
86 94
87 95
88 96
89 97
90 98
91 97
92 96
93 96
94 96
95 97
96 96
97 96
98 95
99 96
100 97
101 97
297 206
298 206
299 207
300 206
301 207
302 208
303 209
304 209
305 209
306 209
307 208
308 209
309 210
310 211
311 212
312 213
313 214
314 213
315 213
316 214
317 215
318 214
319 213
320 213
321 212
322 213
323 213
324 212
325 212
326 211
327 210
328 210
329 209
330 210
331 211
332 210
333 211
334 212
335 211
336 212
337 213
338 212
339 211
340 212
341 212
342 213
343 214
344 214
345 215
346 215
100
150 83
151 83
152 84
153 83
154 84
155 85
156 86
157 87
158 88
159 87
160 88
161 87
162 88
163 89
164 89
165 88
166 89
167 89
168 90
169 90
170 91
171 91
172 92
173 93
174 92
175 93
176 94
177 93
178 92
179 92
180 93
181 94
182 95
183 96
184 97
185 98
186 99
187 99
188 100
189 101
190 101
191 102
192 103
193 103
194 104
195 104
196 105
197 104
198 103
199 102
302 336
303 335
304 336
305 335
306 336
307 337
308 336
309 337
310 338
311 339
312 339
313 340
314 339
315 339
316 338
317 338
318 339
319 340
320 341
321 340
322 340
323 341
324 342
325 343
326 342
327 343
328 344
329 345
330 346
331 346
332 347
333 347
334 347
335 346
336 347
337 348
338 348
339 349
340 350
341 351
342 352
343 352
344 353
345 354
346 353
347 352
348 353
349 354
350 355
351 356
100
35 44
36 45
37 45
38 46
39 47
40 47
41 48
42 48
43 49
44 50
63 494
64 494
65 495
66 495
67 496
68 495
69 495
70 494
71 495
72 495
118 373
119 374
120 374
121 375
122 376
123 375
124 376
125 377
126 378
127 379
171 54
172 55
173 55
174 56
175 56
176 57
177 58
178 59
179 58
180 57
209 315
210 316
211 317
212 318
213 317
214 318
215 318
216 318
217 319
218 319
267 378
268 379
269 380
270 381
271 381
272 380
273 380
274 379
275 379
276 378
319 472
320 472
321 471
322 471
323 470
324 469
325 470
326 469
327 469
328 468
372 499
373 499
374 500
375 500
376 499
377 499
378 499
379 500
380 500
381 499
410 177
411 178
412 179
413 180
414 180
415 181
416 180
417 180
418 180
419 180
488 120
489 121
490 122
491 122
492 123
493 123
494 124
495 124
496 125
497 125
100
1 1
2 2
3 3
4 4
5 5
6 6
7 7
8 8
9 9
10 10
11 11
12 12
13 13
14 14
15 15
16 16
17 17
18 18
19 19
20 20
21 21
22 22
23 23
24 24
25 25
26 26
27 27
28 28
29 29
30 30
31 31
32 32
33 33
34 34
35 35
36 36
37 37
38 38
39 39
40 40
41 41
42 42
43 43
44 44
45 45
46 46
47 47
48 48
49 49
50 50
51 51
52 52
53 53
54 54
55 55
56 56
57 57
58 58
59 59
60 60
61 61
62 62
63 63
64 64
65 65
66 66
67 67
68 68
69 69
70 70
71 71
72 72
73 73
74 74
75 75
76 76
77 77
78 78
79 79
80 80
81 81
82 82
83 83
84 84
85 85
86 86
87 87
88 88
89 89
90 90
91 91
92 92
93 93
94 94
95 95
96 96
97 97
98 98
99 99
100 100
100
66 284
67 283
68 284
69 284
70 283
71 282
72 283
73 284
74 285
75 286
76 287
77 286
78 287
79 288
80 287
81 288
82 289
83 290
84 289
85 288
86 287
87 288
88 288
89 287
90 288
172 385
173 386
174 387
175 388
176 389
177 389
178 389
179 390
180 391
181 392
182 393
183 393
184 393
185 393
186 392
187 393
188 394
189 395
190 395
191 396
192 395
193 396
194 396
195 396
196 397
328 226
329 226
330 226
331 226
332 226
333 227
334 228
335 227
336 228
337 229
338 229
339 230
340 229
341 230
342 229
343 230
344 231
345 230
346 231
347 231
348 232
349 233
350 234
351 235
352 236
420 453
421 452
422 453
423 454
424 453
425 454
426 455
427 455
428 454
429 453
430 452
431 453
432 454
433 455
434 454
435 455
436 456
437 457
438 457
439 458
440 457
441 458
442 458
443 459
444 460
100
10 337
11 338
12 337
13 338
14 338
15 337
16 338
17 337
18 337
19 338
20 339
21 340
22 339
23 339
24 340
25 341
26 340
27 339
28 340
29 341
30 340
31 340
32 341
33 341
34 342
184 255
185 256
186 257
187 258
188 259
189 258
190 258
191 257
192 258
193 257
194 258
195 259
196 259
197 258
198 259
199 258
200 259
201 260
202 261
203 260
204 261
205 261
206 262
207 261
208 262
263 9
264 10
265 9
266 10
267 11
268 10
269 10
270 10
271 10
272 9
273 8
274 9
275 9
276 9
277 10
278 11
279 12
280 13
281 14
282 14
283 15
284 15
285 16
286 17
287 18
447 469
448 469
449 468
450 468
451 469
452 470
453 470
454 471
455 472
456 472
457 473
458 474
459 474
460 475
461 476
462 477
463 477
464 476
465 475
466 476
467 475
468 476
469 477
470 477
471 476
100
36 347
37 348
38 349
39 350
40 351
41 352
42 353
43 354
44 354
45 355
84 466
85 465
86 464
87 465
88 466
89 467
90 467
91 466
92 467
93 468
127 54
128 55
129 56
130 56
131 56
132 57
133 56
134 56
135 57
136 58
182 5
183 4
184 5
185 5
186 6
187 6
188 7
189 6
190 6
191 7
220 77
221 76
222 77
223 76
224 76
225 77
226 78
227 79
228 80
229 79
256 230
257 229
258 228
259 229
260 229
261 229
262 230
263 229
264 230
265 230
301 74
302 74
303 73
304 72
305 73
306 74
307 73
308 74
309 75
310 76
388 78
389 79
390 78
391 78
392 79
393 78
394 77
395 78
396 78
397 79
407 33
408 34
409 35
410 36
411 37
412 36
413 37
414 38
415 38
416 39
461 150
462 151
463 150
464 150
465 150
466 150
467 151
468 150
469 150
470 150
100
38 179
39 179
40 179
41 178
42 179
43 178
44 177
45 178
46 177
47 176
48 177
94 453
95 452
96 453
97 453
98 452
99 453
100 454
101 455
102 456
103 457
104 458
146 491
147 492
148 492
149 492
150 492
151 491
152 492
153 491
154 491
155 490
156 490
188 446
189 447
190 447
191 448
192 447
193 446
194 445
195 446
196 447
197 447
198 446
238 363
239 364
240 365
241 366
242 365
243 366
244 365
245 366
246 367
247 368
248 369
292 65
293 66
294 67
295 66
296 67
297 67
298 68
299 68
300 67
301 67
302 66
360 469
361 469
362 468
363 468
364 469
365 470
366 471
367 472
368 471
369 472
370 473
406 56
407 57
408 58
409 59
410 60
411 59
412 59
413 60
414 61
415 62
416 63
450 314
451 314
452 315
453 316
454 315
455 316
456 317
457 316
458 316
459 315
460 315
461 316
100
41 122
42 123
43 124
44 125
45 125
46 125
47 126
48 125
49 125
50 124
51 123
52 124
53 123
54 124
112 4
113 4
114 5
115 5
116 4
117 5
118 6
119 6
120 7
121 7
122 6
123 7
124 6
125 7
149 477
150 478
151 479
152 480
153 481
154 480
155 479
156 480
157 481
158 482
159 481
160 482
161 482
162 482
223 92
224 93
225 93
226 94
227 95
228 94
229 95
230 96
231 97
232 98
233 97
234 98
235 99
236 100
320 258
321 257
322 258
323 259
324 258
325 258
326 258
327 259
328 259
329 258
330 257
331 258
332 259
333 260
401 255
402 255
403 256
404 257
405 258
406 259
407 260
408 261
409 262
410 263
411 262
412 263
413 264
414 264
472 299
473 299
474 300
475 301
476 302
477 303
478 303
479 302
480 303
481 304
482 305
483 304
484 305
485 305
486 306
487 307
100
13 152
14 151
15 152
16 153
17 154
18 153
19 154
20 155
21 156
22 157
23 158
24 159
66 109
67 110
68 109
69 110
70 110
71 111
72 112
73 111
74 111
75 112
76 113
77 114
139 321
140 322
141 323
142 324
143 325
144 324
145 324
146 325
147 326
148 327
149 327
150 326
211 453
212 454
213 453
214 454
215 455
216 456
217 455
218 456
219 457
220 458
221 459
222 460
283 290
284 290
285 291
286 292
287 291
288 292
289 293
290 293
291 292
292 293
293 292
294 293
360 304
361 305
362 304
363 303
364 302
365 303
366 304
367 303
368 303
369 302
370 302
371 303
386 339
387 340
388 341
389 341
390 342
391 342
392 343
393 344
394 345
395 346
396 347
397 347
448 172
449 172
450 172
451 172
452 172
453 173
454 174
455 175
456 176
457 177
458 176
459 177
460 178
461 179
462 180
463 181
100
42 344
43 345
44 346
45 347
46 346
47 347
48 347
49 346
50 346
51 346
52 347
53 348
79 395
80 396
81 397
82 396
83 397
84 397
85 396
86 397
87 398
88 397
89 398
90 398
154 132
155 133
156 132
157 133
158 132
159 131
160 132
161 131
162 132
163 133
164 132
165 133
235 494
236 495
237 496
238 495
239 496
240 497
241 497
242 497
243 498
244 498
245 499
246 498
288 147
289 148
290 147
291 148
292 149
293 150
294 149
295 148
296 148
297 149
298 150
299 151
342 51
343 51
344 51
345 50
346 50
347 50
348 49
349 50
350 51
351 52
352 53
353 54
383 338
384 339
385 339
386 340
387 341
388 342
389 343
390 344
391 345
392 346
393 347
394 348
458 217
459 218
460 219
461 220
462 221
463 222
464 222
465 223
466 222
467 223
468 224
469 225
470 224
471 225
472 224
473 225
100
61 176
62 176
63 176
64 177
65 178
66 179
67 178
68 178
69 179
70 180
71 179
72 179
73 178
74 179
75 179
76 179
77 179
78 180
79 181
80 182
81 181
82 182
83 181
84 181
85 181
86 181
87 182
88 181
89 181
90 182
91 183
92 183
93 184
94 183
95 183
96 184
97 184
98 183
99 184
100 185
101 184
102 185
103 186
104 187
105 188
106 189
107 188
108 189
109 190
110 190
111 191
112 191
113 192
114 191
115 192
116 193
117 194
118 194
119 195
120 196
121 197
122 198
123 199
124 200
125 201
126 202
127 203
128 204
129 204
130 205
131 205
132 205
133 204
134 203
135 202
136 203
137 204
138 203
139 204
140 205
141 206
142 205
143 206
144 207
145 208
146 209
147 210
148 211
149 211
150 212
151 212
152 213
153 213
154 214
155 215
156 215
157 216
158 215
159 216
160 216
100
8 34
9 35
10 36
11 36
12 36
13 37
14 37
15 36
16 36
17 37
18 38
19 39
20 40
21 41
22 40
23 40
24 40
25 41
26 41
27 42
28 42
29 41
30 42
31 41
32 41
33 42
34 43
35 42
36 43
37 44
38 45
39 46
40 46
41 47
42 48
43 49
44 50
45 51
46 52
47 51
48 50
49 50
50 51
51 50
52 51
53 50
54 50
55 50
56 51
57 52
365 310
366 311
367 312
368 313
369 313
370 312
371 313
372 314
373 314
374 315
375 316
376 317
377 318
378 319
379 319
380 319
381 320
382 319
383 320
384 321
385 322
386 323
387 322
388 323
389 324
390 324
391 325
392 326
393 327
394 327
395 328
396 329
397 329
398 330
399 331
400 331
401 332
402 331
403 332
404 332
405 333
406 334
407 335
408 336
409 337
410 338
411 339
412 340
413 341
414 342
100
37 295
38 296
39 296
40 297
41 296
42 295
43 295
44 296
45 297
46 298
47 297
48 296
69 205
70 206
71 207
72 207
73 208
74 207
75 208
76 207
77 208
78 208
79 209
80 209
134 498
135 497
136 497
137 496
138 497
139 498
140 498
141 499
142 498
143 497
144 497
145 498
205 393
206 394
207 395
208 394
209 395
210 396
211 397
212 398
213 399
214 398
215 398
216 399
274 335
275 334
276 335
277 336
278 336
279 336
280 336
281 337
282 336
283 335
284 336
285 337
352 421
353 422
354 423
355 424
356 425
357 424
358 425
359 426
360 427
361 428
362 429
363 430
393 96
394 97
395 97
396 96
397 97
398 98
399 97
400 98
401 97
402 97
403 98
404 99
467 99
468 100
469 99
470 98
471 97
472 98
473 97
474 98
475 99
476 100
477 101
478 102
479 103
480 104
481 105
482 104
100
21 129
22 128
23 127
24 127
25 128
26 129
27 128
28 129
29 130
30 131
31 130
32 131
33 131
34 132
124 280
125 281
126 282
127 281
128 281
129 282
130 281
131 280
132 281
133 281
134 281
135 282
136 282
137 283
183 12
184 13
185 14
186 13
187 13
188 14
189 15
190 14
191 13
192 14
193 14
194 15
195 14
196 13
215 251
216 252
217 253
218 252
219 253
220 252
221 253
222 252
223 251
224 252
225 253
226 253
227 254
228 255
335 294
336 295
337 295
338 296
339 297
340 298
341 298
342 299
343 300
344 299
345 299
346 300
347 301
348 302
406 476
407 477
408 476
409 476
410 477
411 478
412 477
413 476
414 477
415 477
416 478
417 477
418 478
419 479
445 155
446 156
447 157
448 157
449 158
450 159
451 159
452 160
453 161
454 162
455 163
456 164
457 163
458 164
459 164
460 165
100
21 401
22 401
23 400
24 401
25 402
26 402
27 402
28 402
29 403
30 404
31 405
32 405
33 406
34 407
35 406
36 407
37 408
38 409
39 408
40 409
41 409
42 408
43 409
44 409
45 408
203 44
204 45
205 46
206 45
207 46
208 47
209 48
210 49
211 50
212 49
213 48
214 49
215 48
216 48
217 48
218 47
219 48
220 49
221 50
222 50
223 51
224 52
225 53
226 53
227 54
323 225
324 226
325 227
326 228
327 229
328 230
329 231
330 232
331 231
332 232
333 233
334 234
335 235
336 235
337 236
338 236
339 235
340 236
341 237
342 236
343 236
344 237
345 236
346 237
347 237
451 336
452 336
453 335
454 335
455 336
456 337
457 338
458 338
459 339
460 339
461 340
462 339
463 340
464 341
465 342
466 342
467 343
468 344
469 344
470 343
471 342
472 343
473 343
474 343
475 344
100
18 352
19 352
20 351
21 352
22 351
23 350
24 350
25 351
26 351
27 352
69 460
70 461
71 462
72 461
73 461
74 460
75 461
76 460
77 459
78 460
134 385
135 385
136 386
137 387
138 388
139 389
140 390
141 390
142 389
143 389
161 288
162 287
163 288
164 288
165 289
166 289
167 290
168 291
169 291
170 292
213 498
214 499
215 498
216 499
217 498
218 499
219 499
220 498
221 498
222 499
279 426
280 427
281 427
282 428
283 429
284 429
285 429
286 428
287 427
288 428
310 149
311 150
312 150
313 151
314 152
315 152
316 152
317 153
318 152
319 151
366 407
367 408
368 407
369 407
370 407
371 408
372 407
373 408
374 408
375 409
438 439
439 440
440 440
441 441
442 442
443 443
444 443
445 442
446 443
447 444
452 307
453 308
454 309
455 310
456 310
457 311
458 312
459 313
460 313
461 314
100
335 183
336 184
337 185
338 186
339 187
340 186
341 186
342 186
343 186
344 187
345 188
346 188
347 189
348 190
349 189
350 190
351 189
352 190
353 191
354 192
355 193
356 194
357 193
358 193
359 194
360 195
361 196
362 195
363 196
364 196
365 197
366 198
367 199
368 200
369 201
370 202
371 203
372 204
373 205
374 206
375 205
376 205
377 206
378 207
379 208
380 207
381 207
382 208
383 209
384 209
385 210
386 211
387 212
388 213
389 212
390 212
391 213
392 214
393 213
394 214
395 215
396 216
397 217
398 217
399 216
400 217
401 218
402 219
403 220
404 220
405 221
406 222
407 223
408 224
409 225
410 224
411 224
412 224
413 225
414 226
415 226
416 226
417 225
418 226
419 226
420 225
421 226
422 225
423 224
424 225
425 226
426 227
427 228
428 229
429 228
430 228
431 228
432 229
433 228
434 228
100
193 349
194 348
195 347
196 348
197 349
198 350
199 350
200 351
201 352
202 353
203 354
204 355
205 355
206 356
207 357
208 358
209 358
210 359
211 359
212 359
213 360
214 359
215 359
216 360
217 359
218 360
219 361
220 362
221 363
222 364
223 365
224 365
225 364
226 365
227 364
228 365
229 365
230 366
231 367
232 368
233 367
234 368
235 369
236 370
237 371
238 370
239 369
240 370
241 371
242 371
262 498
263 499
264 500
265 500
266 500
267 500
268 499
269 499
270 498
271 499
272 500
273 500
274 499
275 500
276 500
277 500
278 500
279 500
280 500
281 500
282 500
283 499
284 500
285 500
286 500
287 500
288 500
289 500
290 500
291 500
292 500
293 500
294 500
295 500
296 500
297 500
298 500
299 500
300 500
301 500
302 500
303 500
304 500
305 500
306 500
307 500
308 500
309 500
310 500
311 500
100
58 95
59 94
60 95
61 94
62 95
63 95
64 94
65 95
66 94
67 93
68 94
69 93
70 92
71 91
72 90
73 90
89 81
90 82
91 82
92 83
93 84
94 83
95 84
96 83
97 84
98 84
99 85
100 86
101 87
102 88
103 89
104 90
230 255
231 255
232 254
233 255
234 255
235 256
236 257
237 258
238 257
239 256
240 256
241 255
242 256
243 255
244 255
245 256
270 426
271 425
272 426
273 426
274 425
275 426
276 425
277 425
278 424
279 425
280 426
281 427
282 426
283 426
284 427
285 427
334 273
335 272
336 271
337 271
338 272
339 273
340 272
341 273
342 274
343 273
344 274
345 275
346 276
347 275
348 276
349 277
469 374
470 375
471 376
472 377
473 376
474 375
475 376
476 377
477 378
478 377
479 378
480 379
481 379
482 378
483 379
484 380
485 381
486 380
487 381
488 381
100
27 236
28 237
29 237
30 238
31 238
32 239
33 238
34 239
35 239
36 239
37 240
38 241
39 242
40 242
41 241
42 240
43 241
44 241
45 240
46 241
173 433
174 434
175 435
176 436
177 437
178 436
179 436
180 436
181 437
182 437
183 438
184 439
185 439
186 438
187 438
188 439
189 438
190 439
191 440
192 439
233 374
234 375
235 374
236 375
237 374
238 375
239 375
240 376
241 375
242 376
243 376
244 376
245 377
246 378
247 377
248 378
249 379
250 379
251 380
252 380
356 12
357 13
358 13
359 14
360 15
361 16
362 17
363 16
364 16
365 17
366 18
367 18
368 19
369 19
370 20
371 19
372 19
373 20
374 21
375 22
424 241
425 242
426 242
427 241
428 241
429 240
430 240
431 241
432 242
433 243
434 244
435 245
436 246
437 247
438 248
439 249
440 250
441 249
442 248
443 248
