100
5 5
6784 5660
9792 4138
5354 4520
498 137
9 4
4102 889
105 25
4994 1000
2006 35
6715 2421
2971 488
2285 984
636 353
822 507
1925 400
1483 902
7024 4742
6243 5510
6 5
1445 822
1156 930
5 3
6 5
758 483
6 3
7 5
6143 2033
29 900
8 3
5594 2942
1875 628
4542 1041
6 6
537 237
129 536
5 4
445 294
9 4
2926 1896
9 7
746 459
480 422
1945 1409
2749 866
56 33
799 707
10 3
1295 49
275 4
330 986
1705 1482
9111 336
917 286
7434 2124
2448 211
652 1086
205 85
5 3
7194 4494
9351 634
254 401
2516 2505
5184 890
4995 1000
4944 2237
9 5
9312 7078
1345 260
2269 290
685 54
1657 2285
2708 677
2169 726
4996 1000
3862 911
35 15
1583 232
1396 728
1226 288
224 317
664 1635
5524 4162
7 6
6 3
6313 4131
5114 3964
5833 700
1868 515
515 426
1223 202
97 7
10 7
2872 924
398 133
10 5
2024 963
9590 168
1182 13
10 9
