100
1295 49
4944 2237
9 5
1445 822
5833 700
9312 7078
1705 1482
9 4
6 5
822 507
2708 677
2285 984
10 5
4995 1000
515 426
105 25
480 422
205 85
398 133
9590 168
9351 634
2971 488
2448 211
6 5
129 536
7194 4494
1483 902
664 1635
537 237
29 900
1925 400
2872 924
5524 4162
6 3
917 286
1657 2285
4102 889
1226 288
9792 4138
1583 232
6784 5660
5 4
1345 260
1868 515
275 4
746 459
97 7
7 6
636 353
10 9
5114 3964
8 3
224 317
4542 1041
2926 1896
2516 2505
9 4
5354 4520
2269 290
6143 2033
2024 963
3862 911
2006 35
6313 4131
35 15
9 7
1396 728
652 1086
2749 866
758 483
10 3
7434 2124
498 137
1945 1409
6 6
1156 930
1182 13
5 3
5 3
4994 1000
799 707
6 3
9111 336
56 33
7 5
6715 2421
254 401
685 54
5 5
1875 628
10 7
5594 2942
445 294
330 986
5184 890
2169 726
1223 202
6243 5510
7024 4742
4996 1000
