100
4996 1000
6715 2421
4944 2237
1945 1409
1657 2285
515 426
5524 4162
398 133
5184 890
758 483
5114 3964
4995 1000
6 6
5 3
652 1086
9792 4138
105 25
2269 290
29 900
2926 1896
1223 202
129 536
9 7
6313 4131
5 3
1156 930
4102 889
9 4
2448 211
6243 5510
205 85
224 317
6 5
1868 515
1925 400
2285 984
537 237
97 7
2708 677
1875 628
9590 168
822 507
3862 911
6784 5660
5594 2942
2516 2505
480 422
56 33
1345 260
7 6
2872 924
5 5
8 3
2006 35
10 7
7 5
664 1635
6143 2033
9 4
746 459
10 3
9111 336
7024 4742
330 986
445 294
498 137
35 15
9 5
254 401
2024 963
4994 1000
636 353
6 3
5833 700
1295 49
10 9
1705 1482
5354 4520
9312 7078
799 707
1583 232
917 286
685 54
10 5
275 4
1226 288
6 5
4542 1041
1445 822
2169 726
5 4
2971 488
9351 634
6 3
1396 728
7434 2124
1182 13
1483 902
2749 866
7194 4494
