100
5 5
3862 911
5 3
2269 290
537 237
5 3
6784 5660
1945 1409
1483 902
480 422
498 137
9792 4138
7024 4742
1396 728
6313 4131
398 133
5354 4520
1345 260
56 33
822 507
1445 822
2749 866
4995 1000
445 294
9111 336
2006 35
1295 49
330 986
6243 5510
636 353
9 4
2708 677
2285 984
6 3
5594 2942
1226 288
7 5
746 459
2516 2505
2024 963
6143 2033
664 1635
5184 890
799 707
6 6
7 6
1875 628
1182 13
7194 4494
4996 1000
5833 700
7434 2124
35 15
224 317
10 3
2872 924
29 900
2448 211
9 4
917 286
1583 232
5524 4162
8 3
2926 1896
275 4
2169 726
515 426
9312 7078
10 5
4102 889
6 5
1925 400
4994 1000
9590 168
105 25
10 9
4944 2237
2971 488
9 7
1657 2285
1223 202
10 7
9351 634
685 54
254 401
9 5
652 1086
1868 515
205 85
758 483
6 5
97 7
6715 2421
6 3
1705 1482
129 536
5114 3964
5 4
4542 1041
1156 930
