100
2169 726
7024 4742
398 133
224 317
515 426
2749 866
6 5
97 7
799 707
1182 13
5 5
4102 889
9111 336
9 4
7 5
652 1086
6784 5660
4996 1000
1875 628
2448 211
2516 2505
746 459
9 4
2708 677
664 1635
7 6
2872 924
4542 1041
105 25
8 3
9 7
10 9
9 5
7434 2124
5594 2942
4944 2237
1345 260
1226 288
6 3
129 536
5114 3964
445 294
1945 1409
917 286
1705 1482
1156 930
6143 2033
330 986
29 900
275 4
498 137
480 422
5184 890
5 3
254 401
1295 49
758 483
9590 168
1445 822
5 4
2024 963
685 54
205 85
4994 1000
6313 4131
6715 2421
822 507
537 237
2269 290
6 3
6243 5510
5 3
1925 400
5354 4520
10 7
5524 4162
35 15
9351 634
10 3
6 5
5833 700
2285 984
9792 4138
1657 2285
2926 1896
1223 202
1583 232
6 6
1868 515
1396 728
56 33
3862 911
636 353
2006 35
4995 1000
2971 488
1483 902
7194 4494
10 5
9312 7078
