25
8
8 1
5 8
3 2
4 5
5 3
6 4
7 6
4
4 2
4 3
1 4
3
1 3
1 2
5
3 2
3 1
5 4
4 3
4
3 1
2 3
3 4
10
5 7
3 2
4 3
2 1
3 5
3 8
3 10
3 9
6 4
10
8 10
2 4
3 2
8 3
7 1
8 6
3 9
4 7
10 5
10
5 7
9 4
5 6
8 10
6 1
2 8
7 9
2 5
3 2
10
5 1
6 2
7 6
5 3
1 7
3 10
9 8
4 5
8 4
10
1 6
1 2
10 4
1 9
9 3
9 7
10 1
5 10
4 8
298
239 241
8 107
83 91
50 24
154 254
61 289
39 172
41 250
274 5
77 106
205 73
184 119
215 188
287 217
110 74
67 211
238 282
293 9
24 138
45 127
177 65
273 205
42 64
100 256
179 296
227 57
40 164
184 66
7 245
282 29
63 207
160 148
210 46
239 167
230 283
146 115
260 155
73 31
70 43
250 290
18 154
187 6
277 180
192 109
4 97
295 159
240 284
243 129
80 15
270 295
48 275
278 93
174 132
19 55
138 7
200 278
258 30
127 236
136 165
163 118
281 37
209 204
96 125
113 276
170 156
119 161
167 246
274 263
18 136
251 255
6 27
231 291
46 25
189 274
2 279
232 160
70 13
65 149
278 47
118 38
10 59
261 287
18 186
65 4
163 121
264 139
267 168
31 126
69 214
212 238
139 70
45 78
236 292
121 11
122 19
230 185
8 174
120 146
12 56
20 183
45 264
276 166
213 162
118 16
160 40
25 224
132 92
90 144
298 102
126 294
170 212
152 131
53 42
60 135
128 221
92 189
291 112
95 249
222 1
156 26
286 251
105 234
182 128
96 61
273 201
103 147
285 198
254 247
30 68
106 210
56 60
219 85
54 23
179 111
83 213
29 101
293 253
111 239
92 28
294 124
239 265
150 223
37 2
44 218
172 242
205 281
11 95
67 190
214 286
157 110
205 228
73 191
49 233
241 108
95 80
125 99
190 179
58 288
88 293
126 240
135 21
146 182
108 151
163 177
260 229
19 51
186 152
140 14
230 181
86 194
240 62
256 277
126 257
169 184
235 150
84 113
206 271
90 39
204 270
286 77
11 20
248 54
181 63
136 215
187 260
286 88
53 137
229 53
157 103
7 105
204 157
290 96
117 36
151 235
109 175
226 34
275 35
257 220
98 69
220 158
271 145
253 262
141 268
126 87
118 243
101 153
244 298
166 89
98 196
238 18
194 104
216 58
176 272
133 192
66 76
4 225
50 67
100 197
284 82
293 248
233 90
40 187
2 32
13 178
184 79
28 199
29 83
55 222
249 297
272 116
186 216
80 142
296 244
47 8
98 123
112 232
193 48
57 50
261 72
205 269
148 52
12 252
188 171
30 133
24 22
147 226
193 3
144 94
89 134
169 75
221 266
189 84
22 71
82 114
223 122
276 44
127 176
122 169
36 140
120 209
64 259
257 261
271 163
68 41
162 227
198 219
46 10
218 49
272 208
186 267
251 280
245 202
132 237
114 195
200 130
229 98
247 200
98 33
268 86
42 170
128 203
218 230
78 17
219 141
61 45
149 12
279 81
242 206
35 117
288 100
135 173
13 143
124 120
80 285
31 258
163 273
231 193
14
1 7
5 10
5 13
7 6
5 2
8 9
3 1
10 4
1 11
8 5
6 12
3 14
2 3
493
309 399
475 397
350 323
278 81
406 226
369 355
214 372
20 63
256 76
286 388
149 215
469 247
468 272
309 321
39 186
281 334
148 229
342 11
40 110
247 166
464 99
301 415
408 485
183 276
277 326
25 144
40 301
270 296
226 60
477 342
44 250
396 304
276 92
401 466
234 389
25 155
157 317
326 169
129 120
275 291
51 230
174 335
259 478
426 330
130 127
493 422
166 278
336 438
30 391
100 181
66 45
95 135
277 426
147 8
441 20
369 375
395 72
202 462
260 294
82 456
474 473
146 429
38 359
222 460
105 253
252 360
317 311
130 159
365 6
127 282
58 33
427 232
174 209
118 413
289 256
278 82
167 157
66 59
209 133
482 49
290 280
379 260
371 80
338 454
130 387
227 392
218 442
364 434
354 167
231 254
260 74
307 211
283 245
90 441
26 116
328 396
183 194
301 193
14 433
201 96
349 417
472 212
10 316
411 100
432 83
24 484
454 270
383 27
441 106
435 17
216 64
163 238
294 489
15 362
129 69
408 235
373 337
143 248
205 439
322 137
255 172
406 421
441 154
271 10
41 436
299 5
57 419
457 70
244 168
255 208
483 78
87 128
183 487
82 252
204 101
65 309
465 329
177 453
459 411
480 357
79 430
201 138
427 24
69 131
36 302
483 102
397 62
149 482
414 306
188 481
378 153
394 147
74 53
322 37
328 277
239 145
297 58
113 28
353 377
246 161
262 293
9 176
484 95
348 191
298 32
407 44
37 112
262 390
132 435
323 444
65 458
490 3
145 279
291 201
467 403
261 382
199 67
241 251
91 22
176 474
359 61
493 88
339 350
257 178
311 493
321 258
407 333
239 267
187 195
193 432
94 472
411 15
465 203
131 428
199 374
395 182
328 451
330 216
349 405
373 447
140 465
37 381
51 452
42 347
314 104
61 213
483 366
16 84
254 336
14 367
389 125
177 9
410 380
103 107
166 160
254 440
340 40
393 455
176 373
33 315
183 289
138 274
143 175
26 90
342 228
174 369
151 313
7 268
189 242
262 424
285 143
396 19
187 103
142 395
395 97
491 325
334 322
313 43
169 163
390 119
323 177
355 400
204 249
461 13
171 188
22 12
323 171
396 66
133 264
119 365
117 384
170 205
378 445
334 26
106 246
295 338
212 475
277 477
135 227
428 204
102 233
231 156
133 379
269 491
409 349
175 239
14 320
48 202
48 402
392 398
392 443
280 457
167 136
69 180
471 331
256 412
353 2
409 217
200 385
13 221
14 86
62 467
163 42
170 354
449 21
472 410
140 378
269 18
192 56
465 46
193 185
250 199
482 123
63 480
54 132
438 407
361 404
467 146
10 130
137 266
55 122
46 341
180 300
142 225
391 468
302 71
294 91
99 241
437 223
119 218
328 170
86 328
67 162
75 190
42 314
430 297
235 303
352 479
14 416
365 30
354 310
487 48
374 370
488 319
321 158
20 368
58 281
393 476
161 94
72 65
468 98
251 50
194 346
385 356
364 261
50 41
292 352
32 200
299 423
377 290
79 219
61 4
470 490
309 259
352 358
408 425
159 353
175 183
260 79
341 139
263 427
367 222
280 126
383 152
317 124
200 151
65 448
72 224
440 75
428 446
360 348
380 184
453 77
2 207
234 327
62 36
146 287
422 305
419 87
279 386
138 339
342 197
3 406
332 285
320 363
473 450
412 275
285 283
263 288
363 173
130 73
217 117
22 198
308 295
219 109
339 244
394 165
287 470
438 469
230 471
282 31
331 114
336 437
101 210
262 141
345 269
50 364
163 214
146 236
92 121
409 105
317 284
293 408
293 68
466 461
421 273
25 298
34 262
103 108
330 492
63 118
117 187
49 174
350 312
336 179
42 23
443 345
161 14
267 237
273 129
57 409
260 115
490 488
251 394
493 449
287 93
115 134
45 206
69 255
329 55
480 39
148 271
11 240
255 231
305 286
95 343
80 243
108 344
330 113
406 418
289 38
319 16
170 220
318 459
203 52
392 164
432 34
66 257
130 150
460 189
75 192
406 47
211 29
317 57
165 292
394 51
59 340
264 361
248 234
232 7
151 420
162 351
127 401
189 307
480 308
393 149
306 464
375 25
204 148
211 111
471 140
142 383
53 332
187 196
482 142
107 318
377 89
358 376
24 393
175 486
249 54
106 483
155 324
386 1
330 414
288 265
113 35
395 431
482 299
377 85
59 371
463 263
27
25 9
4 19
9 22
24 6
16 13
6 23
26 4
26 15
16 1
21 26
27 21
22 18
22 16
18 27
16 3
21 20
12 5
26 11
27 14
10 17
17 12
16 10
2 25
24 2
21 7
8 24
472
158 286
385 29
278 13
460 469
468 61
20 166
123 244
250 437
160 391
257 146
263 64
85 185
42 226
21 95
262 175
100 179
431 421
182 174
256 191
375 224
366 355
181 451
405 26
236 295
131 135
138 88
205 455
282 69
378 262
9 269
467 271
451 111
296 160
214 345
414 34
160 331
434 309
276 281
15 272
72 227
454 156
429 449
257 217
186 250
42 117
125 329
315 441
337 320
291 112
36 404
186 289
99 456
95 381
147 283
276 164
156 340
29 256
84 388
456 380
450 231
256 276
239 264
252 139
384 471
345 324
66 395
400 163
409 178
438 470
399 410
458 167
154 452
74 234
321 43
25 328
231 293
16 369
171 296
74 389
382 414
396 254
342 215
219 45
8 221
90 173
265 108
112 161
50 402
434 458
471 285
69 368
267 83
195 239
424 208
182 252
80 405
350 446
161 461
372 235
167 278
231 177
423 213
205 148
282 154
157 387
339 245
34 170
284 98
181 422
300 155
256 348
68 165
255 333
102 72
147 67
399 55
326 110
267 442
459 351
47 74
158 6
454 356
58 32
411 251
118 100
36 130
422 408
6 129
175 66
189 40
203 472
376 76
446 443
237 89
316 255
454 184
51 424
316 260
251 125
279 343
259 364
153 418
350 342
280 50
280 136
221 358
268 145
258 400
216 59
161 94
123 398
50 80
429 216
413 371
364 21
65 188
367 323
231 310
406 99
73 140
74 11
335 347
333 78
60 267
135 10
465 396
464 63
367 253
433 292
175 411
96 459
423 116
31 87
198 1
400 192
13 354
271 383
365 439
111 420
321 220
365 468
158 33
26 25
301 9
117 290
172 399
295 70
189 230
369 183
48 298
405 31
199 385
44 186
75 312
174 444
190 114
282 24
279 19
78 433
142 73
449 390
275 123
454 180
260 297
171 207
32 62
311 313
261 113
69 205
388 93
464 106
326 46
121 413
333 47
154 393
164 189
274 377
184 406
317 466
303 346
42 317
356 447
142 257
330 131
361 287
172 209
468 429
261 138
171 124
201 419
191 119
202 65
249 412
159 84
29 206
150 314
418 375
349 149
5 90
245 8
323 379
359 460
63 334
106 233
24 102
33 51
225 246
187 462
352 282
346 211
283 261
276 259
199 171
256 463
61 128
50 432
179 197
130 153
89 361
315 30
216 270
185 75
218 465
208 150
55 115
46 79
48 394
187 237
172 39
200 316
148 223
70 363
257 376
23 15
371 36
259 133
189 210
319 430
167 141
245 214
131 242
290 218
367 284
33 203
331 122
73 137
371 279
285 52
399 303
122 48
385 423
294 134
226 68
172 157
353 357
280 20
25 240
198 190
428 454
237 14
202 7
390 168
121 201
245 417
6 386
37 3
211 359
317 319
201 445
354 54
208 431
443 360
35 121
459 426
297 127
410 58
140 428
353 440
232 195
65 71
295 308
230 448
386 53
380 415
78 151
319 327
25 85
14 266
325 374
92 325
248 97
417 382
401 277
233 86
7 16
148 332
461 198
443 82
12 427
189 81
293 91
448 105
143 302
361 118
192 337
377 42
259 229
447 249
322 159
142 275
106 372
81 228
423 299
406 300
177 37
258 202
37 435
87 193
231 143
207 41
413 126
338 304
385 222
203 152
115 181
232 338
360 187
229 38
6 265
412 243
342 352
425 109
199 273
38 77
444 306
314 247
446 162
181 344
181 241
307 268
49 341
467 169
117 17
325 103
147 219
422 349
243 336
218 401
133 258
150 365
330 96
225 335
394 409
439 212
319 288
46 132
35 172
155 438
261 425
412 407
262 104
80 353
340 378
161 384
457 453
332 373
291 450
230 12
414 107
51 305
240 2
306 434
257 200
164 367
75 307
6 22
1 248
351 35
450 196
287 5
92 350
30 294
378 330
165 204
276 339
200 60
233 182
344 403
335 321
391 392
281 301
271 23
468 238
247 315
171 457
269 18
276 311
450 147
237 318
457 176
250 27
254 366
268 263
50 232
68 362
470 436
451 322
43 274
377 397
292 416
467 199
209 144
38 49
287 370
186 28
344 467
132 158
441 280
14 142
200 225
235 101
22 464
237 4
459 56
1 326
168 194
26 92
346 120
33 57
417 236
186 291
500
350 450
267 256
418 52
85 276
279 81
14 44
206 341
60 27
233 329
455 304
7 252
346 142
116 118
26 198
109 490
235 488
91 117
459 77
22 428
355 166
103 91
257 343
217 498
264 342
219 419
221 267
200 219
170 409
303 387
157 296
479 389
94 160
139 465
219 169
363 240
282 348
447 83
49 374
416 57
367 238
160 53
108 213
438 492
66 438
98 46
214 305
141 312
211 425
314 19
18 243
115 4
286 158
380 202
498 315
101 281
154 173
127 283
130 473
237 38
101 163
136 468
233 495
1 248
417 470
148 487
408 426
299 416
200 338
470 310
294 463
357 29
52 178
158 21
321 146
219 380
334 339
493 298
386 352
450 396
383 251
101 274
327 221
354 59
363 233
72 378
173 28
57 303
315 43
156 3
412 113
158 86
252 330
486 227
51 39
235 97
36 271
494 250
264 491
449 102
343 408
385 67
341 242
47 261
246 13
326 421
138 101
187 128
490 358
269 108
153 355
20 414
164 322
53 157
273 401
60 123
178 375
354 449
466 494
255 321
139 220
155 45
28 257
254 385
351 344
234 50
98 181
258 186
69 222
66 235
117 192
318 20
151 453
170 184
186 287
62 314
293 197
496 306
142 151
370 354
116 429
189 258
249 56
135 474
203 6
245 361
237 282
426 236
237 424
412 145
454 432
46 17
124 62
115 420
447 15
52 317
230 106
211 205
129 204
114 137
329 139
351 357
60 308
149 224
320 1
382 135
94 95
279 309
145 171
60 195
161 103
2 179
309 440
397 69
474 75
388 246
300 109
132 372
246 58
396 480
385 79
500 259
320 462
177 85
310 390
120 130
46 333
492 88
380 479
147 216
420 318
387 307
377 99
285 149
98 155
143 237
495 140
112 174
452 417
272 397
461 120
139 356
171 415
478 218
333 340
447 268
213 353
264 299
317 388
6 360
262 277
488 61
331 454
449 66
166 386
494 447
18 442
287 328
104 484
325 392
331 25
432 319
54 78
168 96
173 177
6 229
247 187
419 223
388 451
410 430
320 286
499 100
276 301
454 80
180 104
326 226
159 464
246 423
404 55
201 324
483 8
30 60
345 297
416 481
118 411
385 291
332 176
352 89
324 230
262 168
147 373
223 214
333 402
134 332
203 42
386 228
151 381
78 254
277 41
406 138
469 444
452 234
46 275
86 323
278 313
42 74
207 461
269 336
414 183
55 458
423 391
345 208
279 436
287 456
321 260
111 247
223 82
113 400
482 367
70 125
149 320
125 351
326 263
239 369
464 156
15 335
159 210
203 148
477 435
151 11
28 427
394 362
243 133
81 478
406 217
45 127
253 376
140 63
127 112
489 141
123 295
420 483
247 212
300 412
63 448
341 32
175 116
175 241
360 294
265 194
81 159
388 472
27 497
197 143
171 105
56 459
407 131
242 364
204 272
154 327
352 73
85 164
378 404
352 406
158 232
296 172
135 209
209 482
202 215
9 288
144 7
464 413
368 377
175 316
126 107
38 475
420 165
186 2
452 170
137 460
52 371
222 37
272 270
387 382
301 359
349 370
486 379
344 119
32 434
310 292
392 284
37 244
28 231
184 311
486 84
1 144
145 126
36 255
119 54
56 346
376 265
352 9
83 121
104 457
231 92
114 193
288 5
63 190
46 302
393 334
425 469
34 71
108 161
3 383
69 489
113 345
283 225
219 403
136 201
368 70
300 269
56 467
43 249
200 191
500 22
203 441
60 393
223 418
143 326
394 445
376 486
3 122
341 26
146 366
47 87
120 422
139 30
477 189
139 300
421 211
234 65
494 167
434 154
137 33
4 485
189 455
205 36
146 51
181 347
55 207
54 188
368 200
456 23
14 433
176 180
226 363
405 185
241 331
441 134
177 111
73 175
42 398
51 289
103 147
33 124
349 399
498 337
460 93
353 35
377 266
197 196
200 34
423 31
457 136
228 10
240 114
350 446
111 500
491 365
94 129
40 471
438 278
49 394
247 493
410 12
446 290
87 439
326 24
188 452
358 273
186 410
260 325
324 98
433 68
260 132
486 368
459 49
436 47
360 206
84 499
114 384
8 199
409 279
58 150
458 443
414 253
224 395
29 90
334 285
209 262
211 110
245 476
58 496
80 18
160 239
1 14
55 264
205 431
168 466
414 152
388 293
227 162
126 182
348 153
398 72
246 203
261 64
376 405
359 350
39 349
123 48
228 477
253 94
343 16
351 280
442 40
76 115
265 437
407 76
265 245
500
414 213
90 131
483 358
336 460
58 436
19 278
424 488
22 456
10 490
394 44
319 301
365 196
107 313
296 58
356 183
445 94
299 188
10 234
237 32
286 63
198 267
167 62
134 101
498 109
125 381
285 33
485 197
169 355
231 408
4 478
300 49
456 88
87 270
296 259
412 82
409 38
196 163
129 337
487 276
163 297
226 181
286 97
13 450
62 324
484 247
491 68
343 99
381 403
424 27
198 288
215 5
41 419
280 52
478 495
84 485
164 174
462 396
305 64
476 16
290 176
197 111
294 187
164 440
294 219
380 491
31 198
308 140
487 161
32 380
383 481
118 202
178 393
139 149
119 339
414 42
301 471
364 207
220 175
369 266
159 108
77 124
241 122
365 142
201 461
155 348
101 235
19 369
113 76
253 104
43 85
351 395
415 420
57 199
18 255
140 51
409 179
11 244
221 216
412 89
367 327
462 92
203 153
242 354
254 123
218 368
458 477
437 411
489 333
316 336
314 67
406 73
416 437
310 347
26 492
172 357
87 83
288 193
67 50
27 434
108 466
208 432
305 138
175 139
114 237
190 241
20 497
262 130
411 119
92 472
376 169
442 335
53 453
304 400
27 271
249 351
169 366
44 423
256 22
382 409
296 444
448 21
14 240
13 225
477 376
185 1
145 254
434 102
208 204
47 465
489 445
275 459
418 189
225 385
131 2
347 286
6 182
494 157
387 498
78 168
493 359
207 394
96 18
168 304
216 28
98 80
237 443
118 421
228 215
25 34
393 296
178 242
425 282
337 126
441 117
433 451
301 159
221 473
403 93
373 60
274 261
128 103
171 79
39 107
300 318
178 253
439 328
27 425
172 3
415 494
320 382
437 372
77 146
384 386
344 105
169 264
36 332
8 249
117 476
416 39
254 57
488 371
393 329
90 346
492 387
134 424
431 452
414 25
47 462
490 334
367 84
367 407
302 412
401 136
380 106
308 413
354 418
469 493
165 59
195 344
395 257
230 236
253 373
277 375
238 113
106 374
377 283
203 279
39 363
249 145
269 205
162 431
33 269
483 457
317 137
103 148
450 200
488 414
267 422
129 410
28 323
129 364
470 295
429 435
12 229
294 81
479 316
356 319
244 222
255 291
320 310
313 500
429 206
324 141
36 315
203 178
241 172
129 467
244 37
281 54
95 480
177 243
70 256
461 128
329 230
476 486
196 23
152 91
13 464
10 320
49 401
99 112
236 391
172 147
464 155
400 129
92 164
460 305
479 378
424 487
5 6
243 293
389 24
164 426
371 233
41 120
428 299
373 143
1 231
57 211
22 11
412 350
437 203
268 280
198 470
279 251
226 158
20 290
254 383
309 489
153 341
215 449
466 428
302 133
452 167
334 392
204 15
29 218
443 377
451 173
71 180
272 30
488 154
251 302
465 298
450 192
143 277
38 191
479 439
438 326
355 289
375 292
5 274
89 220
456 468
370 389
52 463
357 72
139 441
261 252
171 95
161 56
447 258
156 170
485 116
426 398
147 370
425 287
412 306
196 262
213 4
399 8
115 438
279 469
8 303
156 150
379 7
115 185
153 284
329 356
114 433
39 317
305 331
407 69
174 177
21 70
178 362
282 227
120 399
377 26
497 228
120 458
248 330
212 195
81 55
315 214
74 474
264 48
448 75
493 239
205 314
47 246
267 19
327 121
195 483
240 160
374 12
59 132
309 41
459 245
496 135
11 77
388 309
474 312
228 300
318 260
302 442
97 100
271 404
72 455
152 221
395 226
103 118
472 349
246 321
425 406
282 217
3 360
144 35
151 46
380 190
150 417
2 134
314 87
478 342
437 61
122 210
308 45
46 238
255 171
498 66
70 402
342 250
303 294
421 263
265 40
251 308
438 248
205 144
180 499
314 405
7 384
474 125
257 275
105 416
482 265
277 430
30 447
250 448
141 53
115 232
37 479
39 365
417 186
249 110
271 20
219 152
2 14
456 13
332 415
488 74
385 322
308 484
370 212
324 352
200 482
323 208
8 427
329 29
461 311
69 43
479 209
91 162
319 90
308 36
75 127
170 379
467 429
198 86
51 475
8 340
134 454
150 78
269 397
352 114
301 65
250 98
76 115
428 184
371 338
93 390
479 201
252 325
68 367
209 151
80 96
173 224
58 17
205 281
105 71
437 446
179 388
59 307
63 353
446 272
19 343
58 47
435 496
219 31
161 194
218 156
185 166
464 223
249 285
79 268
89 9
70 345
361 10
234 273
165 361
500
386 77
488 257
415 96
441 413
380 169
168 402
423 152
402 5
305 416
140 37
288 369
294 496
149 493
263 89
465 145
495 338
55 324
302 20
222 363
49 259
296 438
414 350
158 90
87 497
226 27
282 10
51 214
233 258
142 368
101 106
220 231
177 306
88 48
98 486
225 40
338 88
493 236
179 361
437 128
66 260
53 388
454 166
46 457
417 467
34 68
88 138
325 195
125 240
187 283
446 98
148 371
406 230
153 194
170 263
338 197
436 212
212 16
160 301
77 76
191 187
215 134
295 61
37 489
194 55
430 490
344 69
238 474
390 234
455 366
69 374
58 190
439 399
233 135
367 2
337 79
211 170
160 252
146 9
445 349
28 23
355 362
312 158
172 62
405 449
485 430
288 205
161 319
88 284
291 302
441 139
148 286
235 13
42 185
315 325
480 417
70 303
220 186
377 220
48 313
303 336
257 499
90 239
419 29
40 407
324 267
423 227
83 443
65 408
32 485
46 217
313 150
40 463
383 398
44 193
111 328
33 341
38 85
479 11
276 425
146 24
313 102
394 354
331 419
14 311
203 95
171 112
186 244
266 385
30 126
258 47
451 110
237 330
449 147
353 326
134 233
151 276
21 93
108 107
359 154
498 223
184 459
270 395
204 344
394 332
466 30
343 453
173 243
1 456
191 132
429 356
97 377
143 211
391 420
150 445
406 108
17 125
189 386
313 133
275 202
442 249
154 279
16 192
468 406
86 182
376 470
422 390
27 367
354 440
320 450
242 99
142 221
482 119
206 335
94 437
346 444
378 466
208 32
331 308
156 305
297 109
156 455
376 156
105 41
57 52
40 54
101 81
390 394
493 415
6 424
303 351
217 183
116 22
216 462
405 123
149 422
193 137
17 151
40 113
18 372
49 337
248 483
15 479
296 400
488 492
302 177
388 142
78 484
254 409
218 391
8 314
176 491
23 129
199 174
278 461
451 412
166 181
233 25
353 46
484 44
389 271
248 494
430 500
84 475
347 357
149 196
426 3
33 451
92 70
345 165
299 429
402 342
61 487
365 318
289 247
47 38
164 428
468 224
78 232
189 464
82 8
371 73
92 376
293 84
341 204
183 203
457 304
200 122
28 15
32 21
363 436
309 288
86 426
421 103
124 293
210 312
207 365
468 262
79 53
423 498
194 441
23 31
265 160
454 118
440 51
11 256
218 208
471 389
141 460
216 380
309 345
172 206
82 307
433 121
416 392
396 364
485 291
101 56
387 300
23 431
28 238
454 282
160 476
496 115
17 104
308 448
432 321
282 105
422 294
107 379
339 176
245 471
338 418
210 83
461 355
267 370
81 59
105 199
383 141
32 322
32 120
156 454
311 309
355 253
444 164
172 114
307 246
205 423
283 180
205 458
267 213
241 237
357 329
131 198
56 323
438 289
224 274
61 439
239 7
384 28
224 481
485 435
81 153
319 163
396 33
18 264
250 39
299 270
348 94
76 116
329 254
314 339
62 200
479 34
194 482
438 245
303 269
229 278
446 396
361 148
211 273
232 297
228 63
116 383
103 446
378 75
70 250
420 19
160 299
425 64
266 488
229 495
496 410
394 155
285 348
121 378
374 215
170 404
38 465
136 71
137 179
150 66
85 82
169 347
493 173
489 1
245 216
59 124
366 469
290 35
303 359
223 171
336 317
462 146
281 80
227 320
422 360
135 57
266 434
331 117
203 331
399 401
465 191
481 78
493 310
4 49
61 228
239 87
271 188
435 222
180 50
212 375
100 315
372 468
75 477
135 159
135 201
430 167
205 127
34 272
459 229
295 427
318 58
178 101
178 411
396 452
165 140
342 74
443 277
292 149
338 433
44 346
310 316
422 442
310 387
117 111
127 353
145 251
173 287
380 144
485 67
156 480
377 131
313 178
132 266
343 447
315 17
283 143
206 209
394 225
246 473
274 226
309 72
115 4
241 403
81 36
395 235
496 340
455 414
346 184
432 130
463 281
472 65
135 218
142 43
325 382
377 86
34 343
369 384
222 14
269 157
2 189
238 241
260 6
399 175
46 472
211 327
238 280
230 255
249 100
179 91
60 162
377 92
130 405
268 45
144 285
325 421
191 207
62 97
291 219
465 42
368 12
329 275
395 18
456 172
429 381
449 292
391 268
25 358
377 136
210 26
290 168
46 265
165 290
436 298
495 161
372 296
465 242
90 333
317 295
156 393
205 397
162 432
199 261
316 478
169 334
196 352
62 210
478 248
45 373
500
1 438
189 45
232 440
106 337
16 334
483 358
323 484
475 18
470 149
164 369
223 161
96 435
352 11
343 370
185 395
256 496
306 216
403 85
52 2
70 175
51 163
369 253
135 490
294 133
459 288
58 76
262 209
99 136
436 206
128 404
366 201
110 228
375 344
56 407
100 90
369 259
447 107
437 345
344 364
352 245
325 418
300 252
441 30
94 450
239 77
305 71
247 251
117 46
498 17
353 141
232 103
265 147
498 265
70 461
328 41
345 223
332 127
252 54
78 354
477 4
470 368
458 166
247 242
209 343
147 10
405 386
352 21
149 58
93 403
305 342
440 183
440 376
63 432
8 382
135 351
322 299
479 374
377 184
474 188
80 276
51 83
151 168
493 47
82 98
39 389
459 162
414 31
480 441
479 200
496 381
332 377
328 264
392 449
441 126
338 194
264 102
59 466
164 193
329 384
276 465
363 208
306 275
307 362
400 40
297 445
439 256
152 237
415 372
139 36
369 491
292 192
497 143
375 289
335 185
213 39
357 318
385 429
111 427
491 1
465 409
189 129
382 199
458 108
255 35
174 130
324 222
500 8
198 483
435 179
376 385
302 373
164 285
402 272
320 198
153 286
423 100
19 119
78 469
111 88
353 176
480 400
290 468
115 263
238 322
162 124
291 426
222 66
138 101
140 497
62 260
478 488
252 210
304 53
430 84
24 473
244 42
132 33
364 298
447 81
375 423
229 416
491 464
364 189
79 297
231 330
294 155
395 311
486 293
168 479
396 341
223 366
130 412
123 315
439 405
266 217
330 453
381 65
279 219
76 451
186 378
481 365
325 258
476 460
481 26
209 493
470 335
222 406
423 112
236 314
232 128
147 215
455 328
125 444
331 204
480 312
488 57
307 48
369 470
493 310
327 34
48 99
206 274
95 304
241 481
177 22
252 430
260 500
153 422
435 458
19 442
373 227
241 50
186 324
58 38
117 284
116 79
301 291
334 132
290 93
129 165
274 95
470 109
226 295
247 105
71 346
408 489
133 393
41 44
127 113
439 411
138 306
204 139
78 316
273 243
308 462
374 240
230 257
266 492
21 247
347 49
71 7
211 437
376 308
38 499
145 294
465 207
478 97
56 233
433 360
222 494
321 236
53 62
137 225
250 254
228 13
434 498
75 336
312 131
338 361
439 380
43 86
392 402
452 425
369 250
367 398
278 348
164 408
395 146
117 394
275 16
13 170
263 270
169 121
27 111
469 417
32 323
251 214
496 59
178 487
231 144
337 281
202 148
421 283
474 387
393 138
475 94
438 239
441 325
4 195
308 305
46 353
402 55
169 202
172 246
185 137
27 180
132 156
84 169
234 203
276 218
116 290
438 160
493 280
354 332
38 431
38 145
186 452
81 197
58 78
263 110
492 106
384 390
463 171
494 12
474 279
359 181
152 14
199 478
132 238
67 6
324 60
100 211
144 241
25 482
192 9
395 3
239 114
369 495
80 436
421 410
242 347
372 446
469 123
228 167
171 301
242 457
267 64
132 74
78 28
411 303
111 414
439 459
298 134
321 413
456 191
352 309
137 82
323 152
39 157
344 196
479 340
404 115
95 271
9 230
206 480
182 72
78 43
406 355
70 158
154 278
192 367
84 61
75 282
111 70
298 388
87 476
398 177
98 268
26 391
370 37
343 73
14 472
361 454
42 439
222 5
22 269
277 428
278 231
424 178
109 433
292 477
308 392
103 89
174 379
292 333
29 15
242 20
179 212
370 249
82 63
437 349
97 67
452 467
247 292
225 69
85 234
309 159
247 296
160 151
474 266
205 117
473 56
249 224
33 68
78 486
306 396
412 122
105 320
460 125
392 80
75 174
268 229
308 363
498 273
218 190
285 153
76 327
368 420
430 87
340 172
459 447
493 261
148 118
27 262
46 424
110 92
204 150
160 474
216 96
495 300
246 173
429 317
202 455
173 220
238 339
187 19
241 475
495 456
11 25
479 154
268 485
379 267
345 434
455 226
499 375
3 287
410 463
315 213
294 140
370 255
129 29
7 307
335 32
229 421
478 164
480 359
184 27
76 401
464 397
428 232
164 24
29 75
312 120
142 182
435 52
204 352
282 338
249 221
270 235
57 187
285 51
237 419
21 350
192 326
186 205
169 371
289 248
490 321
485 91
339 186
296 415
487 443
94 104
107 471
145 302
477 399
114 116
397 319
73 244
357 329
252 135
3 23
4 277
294 357
72 331
426 448
389 356
291 313
135 383
500
394 496
348 249
496 459
85 200
441 154
65 21
247 449
329 454
75 73
116 72
54 71
309 416
396 247
58 255
188 138
113 237
311 361
431 201
313 493
156 27
443 277
301 391
83 150
40 295
17 466
106 43
99 227
183 263
269 54
419 375
91 2
235 103
180 444
174 46
295 7
442 134
243 286
116 117
271 315
336 96
246 51
404 370
341 499
156 158
468 174
407 268
155 431
20 360
490 434
22 16
471 495
371 163
436 404
413 189
421 278
440 52
478 37
20 330
131 59
407 64
426 327
235 173
310 305
384 443
87 172
248 290
281 410
300 231
33 226
407 34
75 448
140 62
434 146
330 318
280 38
186 132
484 498
314 203
38 17
276 141
156 133
172 129
351 355
441 387
228 68
374 270
305 325
249 4
59 157
201 403
9 125
262 338
92 400
47 120
64 18
182 321
499 36
47 490
435 168
6 474
8 155
450 240
304 302
189 232
374 274
193 367
283 181
82 438
251 415
17 13
134 197
417 412
75 142
345 228
253 487
261 380
271 77
170 294
464 14
293 147
400 123
374 12
9 344
303 98
187 31
277 332
396 234
52 76
447 199
161 195
296 156
291 395
54 148
131 333
116 215
445 57
66 297
246 186
239 111
250 22
327 58
368 159
438 145
263 161
234 244
343 424
369 353
48 413
61 180
398 79
397 210
39 289
50 86
14 351
332 254
486 10
223 398
438 144
23 136
189 230
395 130
6 357
236 372
219 257
318 405
9 165
474 213
94 469
414 253
16 47
192 293
224 283
238 9
328 248
321 61
170 284
176 239
198 63
259 143
452 104
453 151
167 354
55 423
31 401
284 481
70 223
339 241
220 411
152 379
59 170
298 497
16 176
95 169
317 378
120 346
406 3
120 437
115 250
252 121
323 489
350 24
179 32
153 229
19 69
200 347
317 329
75 91
253 256
425 245
391 78
314 282
10 105
494 394
308 399
441 99
362 373
281 94
412 221
97 402
288 285
322 366
293 336
137 319
110 182
105 260
326 418
401 465
35 427
1 100
412 242
179 218
181 119
123 334
422 397
469 108
21 219
247 113
237 291
303 217
299 222
341 152
65 426
465 202
214 374
142 82
46 190
461 53
14 484
165 307
389 473
397 258
164 385
393 85
95 446
424 35
11 209
67 352
119 267
141 191
108 30
248 429
49 430
456 19
90 102
491 131
17 187
3 246
42 124
364 343
98 414
275 109
101 358
459 457
313 450
105 272
463 236
426 185
194 179
25 306
299 494
234 33
335 317
171 214
160 224
122 40
358 382
160 320
118 439
174 5
212 486
452 435
178 304
264 164
183 472
253 266
82 166
467 8
331 194
127 15
236 212
414 287
418 126
366 483
228 137
342 491
228 49
463 178
209 106
419 92
144 93
189 432
339 458
213 492
442 308
477 101
252 407
241 482
32 74
448 50
121 118
114 468
488 299
84 296
40 265
3 60
177 107
35 112
87 264
234 377
355 475
163 460
339 1
241 324
483 451
220 313
390 11
136 192
303 301
445 259
350 28
363 441
169 463
390 208
152 393
486 193
441 70
242 110
101 292
394 442
266 220
304 238
441 322
95 298
425 452
218 140
435 485
96 20
284 196
326 88
417 281
98 462
356 42
77 262
19 461
121 425
206 364
324 139
60 323
419 177
439 303
210 95
307 436
122 384
180 386
183 419
302 350
105 252
488 316
453 235
110 335
284 368
171 476
448 500
220 376
7 455
169 67
49 480
289 479
477 66
324 127
380 41
443 314
425 326
54 340
299 273
239 207
87 369
330 269
400 362
36 406
72 271
232 116
326 363
358 409
461 162
332 456
108 87
493 280
20 6
242 390
314 48
262 337
5 39
160 184
319 149
219 243
383 339
69 205
263 383
187 445
122 478
456 453
40 44
156 300
317 477
148 392
25 225
168 349
479 29
141 216
37 26
184 311
215 309
424 115
29 408
191 81
430 279
85 122
11 183
445 428
444 128
243 75
103 80
275 171
115 345
297 341
211 114
196 261
428 153
103 440
207 84
139 97
371 388
74 288
259 276
435 359
233 312
155 56
18 421
21 488
305 365
481 90
194 389
324 206
204 188
189 447
68 467
180 55
259 331
322 356
407 198
445 342
450 89
89 211
155 420
198 275
16 310
220 167
381 422
279 65
365 381
148 417
15 25
202 83
193 175
40 371
434 471
142 470
70 251
227 135
370 328
347 348
218 204
44 160
226 23
269 233
14 396
461 433
53 45
500
341 484
193 72
114 444
183 353
334 245
32 443
369 142
292 151
103 268
283 67
461 71
429 299
234 12
310 349
238 472
483 278
482 282
211 231
124 354
231 38
475 126
98 70
211 275
296 206
345 496
275 467
324 481
83 430
12 371
337 242
282 98
64 311
126 181
445 337
413 350
180 27
262 409
483 428
246 326
471 358
108 74
368 149
2 455
250 419
215 63
386 198
274 93
319 243
12 289
19 378
41 215
224 273
334 139
181 483
208 184
197 452
130 15
442 336
230 331
492 412
389 334
500 435
286 332
456 48
376 440
143 212
295 164
36 46
420 43
92 51
17 197
65 402
489 303
382 154
489 321
26 315
225 367
9 66
424 31
81 14
202 99
402 232
260 41
85 37
127 255
186 230
261 341
399 171
233 387
182 237
186 376
54 11
35 114
339 474
60 357
390 182
161 292
66 280
21 120
296 16
130 434
431 308
108 223
284 261
15 50
483 271
97 306
211 307
161 453
120 458
419 330
244 258
432 391
283 320
167 75
168 21
31 42
64 262
480 229
403 208
174 146
147 408
196 325
99 360
194 170
8 143
441 393
195 463
171 450
251 427
412 433
30 61
310 366
465 346
57 49
458 498
84 188
147 410
274 415
82 29
241 389
361 312
180 117
167 241
284 88
393 431
481 396
270 9
238 153
92 119
261 314
125 388
164 115
255 397
85 340
186 305
485 264
239 220
2 219
47 493
160 190
430 382
317 125
9 348
377 492
356 497
23 446
152 185
328 152
106 254
32 437
266 384
139 76
328 17
129 192
119 407
339 222
212 259
265 417
465 166
337 122
250 390
466 90
373 424
114 118
59 19
171 179
399 260
326 36
7 56
249 284
392 460
452 293
456 167
396 83
490 131
332 20
67 96
12 221
126 323
436 269
112 473
398 317
313 130
116 361
43 26
203 135
295 381
79 228
451 426
313 218
215 28
100 173
352 91
222 177
60 295
209 429
57 294
469 224
116 489
382 310
380 283
11 252
437 247
352 372
487 451
351 469
123 226
136 77
58 45
91 162
122 145
27 89
397 290
211 441
15 466
475 432
233 187
375 309
459 339
414 352
8 40
67 138
444 217
28 338
243 196
166 32
214 436
494 359
332 500
39 313
364 176
467 439
154 499
88 141
338 110
363 123
424 227
270 411
450 488
18 148
100 3
476 327
384 414
5 256
465 362
199 345
281 385
437 147
207 355
329 202
294 97
341 462
441 238
400 442
240 47
124 301
205 86
436 399
24 84
239 304
138 356
254 482
136 2
141 343
102 479
352 13
393 487
121 133
296 195
271 213
156 116
475 53
60 144
136 59
430 281
50 375
489 200
17 102
396 163
84 124
162 87
427 418
210 480
174 214
415 405
486 470
311 121
159 401
177 395
291 85
131 383
337 468
59 44
480 445
442 457
483 342
460 157
469 203
196 398
20 288
410 266
436 286
50 140
17 344
395 5
288 103
465 406
92 454
392 471
31 316
14 178
382 127
30 449
115 69
61 24
397 257
424 233
61 363
54 244
46 183
256 490
128 199
469 364
361 369
75 394
433 134
280 240
193 351
395 464
423 475
350 175
448 33
428 447
33 64
199 279
439 4
293 160
207 403
31 65
306 333
52 477
99 365
411 128
425 78
53 108
421 425
374 111
297 209
318 235
307 456
354 318
171 161
387 211
79 319
32 10
62 6
267 35
196 39
347 150
292 112
355 374
83 18
96 249
147 263
202 478
274 494
352 193
378 298
433 54
419 422
353 68
183 1
328 495
42 73
363 107
164 276
431 186
350 165
262 373
242 459
209 100
395 253
435 101
147 368
401 379
62 277
59 476
401 52
209 465
300 251
448 104
460 60
495 81
261 302
1 324
85 400
23 300
23 204
397 207
344 274
450 8
290 79
205 438
323 30
490 491
426 169
82 201
116 216
312 250
281 105
354 57
112 246
32 225
274 461
383 158
59 92
403 155
441 80
325 335
309 267
196 448
167 25
449 328
362 329
415 485
403 82
150 265
142 94
375 404
314 287
72 136
381 23
80 172
112 380
3 239
230 392
165 132
377 106
394 291
188 234
89 296
408 370
58 347
136 270
423 413
38 205
351 248
345 22
20 272
5 322
154 109
335 210
442 58
222 7
266 285
113 168
31 113
395 34
94 189
81 297
306 420
466 386
184 55
147 377
149 486
480 129
398 62
256 421
25 423
466 137
39 159
77 416
173 95
478 191
377 156
16 174
236 180
194 236
500
394 174
28 1
118 323
431 69
375 303
306 93
41 232
58 360
184 178
488 332
279 124
79 43
492 431
313 176
179 181
475 8
467 271
285 198
319 440
82 294
85 101
224 299
429 334
498 58
201 317
356 230
391 280
223 350
185 21
311 481
488 53
338 383
232 139
68 438
428 182
4 33
225 256
311 263
340 275
127 115
44 184
500 380
442 282
430 88
74 416
118 25
114 265
356 94
458 233
266 136
158 26
184 371
429 120
310 135
438 277
343 147
246 131
112 70
203 210
354 408
165 393
2 54
248 252
279 238
437 281
183 109
327 40
190 456
19 497
320 444
202 7
181 445
457 3
425 448
480 72
27 244
340 465
416 491
230 241
361 133
23 464
480 10
238 366
277 18
79 186
260 170
434 396
312 248
184 467
483 106
241 39
418 102
349 191
220 258
373 489
216 267
146 150
402 121
224 180
487 409
181 316
295 103
303 9
386 486
99 289
228 296
368 483
433 385
372 253
304 228
347 47
412 382
128 406
288 322
426 65
12 450
444 257
184 264
248 141
105 23
178 463
47 490
266 163
200 130
415 411
482 287
453 247
37 433
350 71
433 329
359 496
171 453
355 128
335 307
459 122
87 435
202 290
417 246
42 291
58 200
191 85
157 196
343 250
37 134
37 161
55 123
81 498
453 461
339 91
283 197
53 336
377 157
112 330
272 37
151 401
102 201
237 321
49 203
85 260
164 111
25 458
302 369
29 302
153 36
452 50
454 119
130 314
81 283
487 66
412 353
405 229
486 347
429 493
69 237
325 402
235 44
105 149
401 95
171 261
208 52
153 270
262 172
87 295
385 42
213 436
249 159
136 140
323 5
306 337
270 300
301 158
480 324
235 105
439 367
458 171
146 292
498 209
391 112
78 110
199 378
478 446
483 127
354 482
269 22
274 77
437 488
98 499
187 472
278 173
488 340
19 268
62 417
234 306
90 96
239 87
108 356
240 358
30 235
16 372
393 254
296 148
222 146
217 13
130 14
344 471
197 455
435 349
351 442
285 211
181 319
49 375
82 430
324 492
497 351
367 255
363 304
436 479
68 34
27 327
380 89
489 86
326 278
383 194
299 293
389 262
19 462
315 62
447 223
147 315
378 183
462 193
229 19
141 284
105 405
164 459
15 342
439 312
414 212
238 231
476 92
399 484
282 17
424 339
362 432
272 16
210 352
210 164
391 421
483 298
21 361
69 457
290 415
180 368
460 410
407 169
189 452
466 495
22 392
140 162
232 318
254 221
446 389
304 480
57 132
485 179
95 343
222 100
313 425
96 390
193 125
126 222
312 341
263 236
4 437
32 118
102 64
374 333
183 185
43 202
186 272
425 83
283 84
200 175
415 213
128 207
135 426
375 249
372 35
129 206
269 129
350 57
394 38
168 20
415 422
256 208
278 63
105 165
317 167
245 195
354 286
245 214
25 61
48 27
60 429
18 82
344 251
179 154
143 97
227 76
499 59
237 227
417 98
297 81
428 151
130 384
119 68
156 399
462 55
185 377
335 373
263 126
457 48
105 276
39 313
275 355
225 204
208 301
267 114
247 297
152 404
136 434
297 144
65 365
357 145
2 470
369 370
198 226
204 142
375 423
406 51
231 199
226 46
436 279
409 376
56 466
111 428
253 311
181 441
114 394
61 348
394 326
237 205
23 192
63 386
182 177
285 160
470 331
262 6
133 487
102 56
455 99
456 73
268 485
429 500
182 477
43 259
288 225
101 398
158 478
77 359
55 11
153 32
400 30
443 454
329 218
499 216
274 224
22 117
69 49
59 80
333 240
367 475
178 468
29 116
249 388
225 412
302 338
474 387
330 424
21 354
364 413
447 107
165 188
149 320
289 2
179 328
283 29
15 28
67 156
360 155
2 443
324 75
352 364
132 285
153 325
47 243
306 79
210 395
202 113
145 288
51 449
192 45
114 166
456 419
114 138
194 374
200 403
133 469
378 447
164 439
305 220
171 108
114 418
171 239
455 4
475 78
379 362
256 12
265 273
342 414
204 344
283 152
230 363
25 168
482 153
354 357
63 137
282 420
406 400
206 345
431 245
394 143
463 397
70 15
162 476
191 24
414 266
496 41
87 494
499 187
333 219
174 67
351 189
321 381
116 427
181 74
185 308
316 310
280 234
263 215
455 460
414 60
312 242
137 104
350 274
326 335
107 90
63 217
219 379
305 391
379 473
118 190
356 407
212 309
346 305
340 269
31 346
474 31
234 451
500
202 402
468 107
72 198
491 175
232 277
416 424
287 153
54 419
475 280
447 163
6 398
76 193
51 400
157 192
427 177
443 431
64 458
186 258
3 369
359 237
189 348
397 174
40 354
378 477
188 56
37 23
440 289
355 463
420 399
431 109
42 273
163 265
168 76
457 469
300 492
34 228
341 15
17 112
258 380
159 67
496 335
225 166
117 376
178 494
165 170
312 59
216 379
219 310
100 334
393 450
318 405
206 382
13 105
390 416
231 286
102 11
97 403
498 394
340 452
336 142
424 499
484 143
23 27
68 307
500 65
52 222
352 484
119 468
407 440
355 183
397 441
284 110
52 367
107 443
19 430
217 120
96 104
159 422
432 390
412 141
353 26
73 218
79 148
95 229
403 478
407 301
263 279
63 287
265 283
326 75
465 346
111 139
434 324
78 483
401 360
68 274
330 377
16 321
64 144
258 214
497 350
288 479
358 374
327 14
308 98
180 391
222 260
456 339
189 333
219 464
221 122
276 118
162 385
36 365
422 189
467 381
158 58
432 383
297 327
29 203
480 352
441 488
441 121
229 395
369 326
362 290
317 88
452 61
195 434
341 94
483 276
282 371
281 63
95 319
362 129
284 36
406 188
7 157
18 263
499 474
248 429
451 320
14 238
256 200
362 409
389 303
96 315
364 9
436 236
80 267
425 168
368 325
128 32
69 493
97 211
98 341
314 225
426 24
252 337
462 128
29 191
474 445
348 408
236 19
44 53
173 28
184 306
23 17
485 472
197 304
349 500
490 186
452 242
248 392
425 47
415 145
330 329
477 308
205 255
224 253
255 50
16 147
248 91
373 31
25 80
281 137
362 184
129 16
93 182
423 447
245 239
466 180
67 498
274 164
126 254
313 386
104 486
23 420
290 373
461 7
158 336
162 43
429 227
70 90
231 264
226 413
315 357
114 243
377 93
109 438
260 37
127 291
29 152
122 230
319 232
50 340
443 364
407 13
223 449
189 202
292 206
203 404
390 151
11 138
354 74
43 45
315 387
57 288
334 268
43 496
347 156
130 79
66 427
175 461
58 465
202 437
335 480
273 162
371 84
236 282
254 213
417 64
5 195
414 154
59 220
160 70
138 250
201 10
316 411
376 131
87 271
482 226
464 197
419 245
115 266
443 234
85 300
36 95
288 219
172 417
395 397
122 72
414 55
378 204
247 489
17 323
73 412
355 179
354 113
63 111
184 241
353 249
128 436
83 216
402 261
159 299
131 159
248 54
6 370
317 361
413 46
80 199
243 97
451 103
336 41
385 215
33 223
94 207
258 4
223 338
386 475
330 135
491 201
30 101
386 73
401 119
8 221
41 454
419 123
251 433
122 208
157 490
23 231
420 190
405 252
269 314
66 389
354 317
423 244
394 331
161 448
370 470
280 33
410 158
478 418
479 38
370 167
158 471
85 233
113 316
354 51
86 485
467 187
278 259
344 349
249 407
147 278
126 21
70 20
338 178
180 444
408 421
248 322
444 82
447 351
11 155
383 406
241 285
22 302
68 100
446 328
252 415
150 1
228 194
215 29
64 481
270 446
153 22
348 66
237 366
83 294
405 124
1 83
468 313
303 456
476 482
342 453
121 270
222 136
416 312
303 342
477 25
298 34
481 52
359 311
474 401
406 414
403 115
398 96
44 205
443 146
150 296
186 116
237 86
52 372
289 35
202 491
244 114
480 298
498 451
259 284
465 378
444 355
349 181
110 442
152 2
374 106
156 275
163 3
458 428
487 297
491 330
54 344
475 185
175 149
172 40
184 363
432 130
19 248
186 292
402 462
367 269
233 396
366 309
292 85
23 353
311 39
293 457
183 439
53 172
146 473
417 426
147 368
270 18
486 171
41 305
126 81
267 127
383 295
270 77
133 68
223 435
328 212
296 71
92 256
324 165
411 173
278 432
183 8
492 125
250 217
317 425
402 362
388 140
384 92
393 281
26 176
388 160
131 345
131 209
437 102
443 150
399 246
108 257
311 42
267 69
485 117
195 89
237 133
279 62
210 497
279 235
170 495
208 247
154 272
188 196
333 126
445 423
444 99
255 393
33 60
425 262
327 78
36 332
375 5
404 293
183 375
380 318
372 467
231 460
188 251
208 359
408 455
95 459
387 49
184 224
362 487
195 12
308 108
363 358
300 30
65 476
380 384
13 210
423 44
310 48
188 87
336 6
92 169
439 410
223 388
356 466
304 356
132 57
139 347
319 240
438 343
166 161
27 134
500
229 405
179 2
74 103
244 428
491 267
335 376
319 194
9 244
346 141
402 481
300 14
151 455
282 21
213 471
422 171
230 370
252 88
253 314
418 150
325 499
349 186
63 133
122 439
218 134
473 63
279 295
289 45
50 339
363 139
187 285
159 62
396 179
81 460
327 415
481 8
37 292
47 201
5 261
309 83
166 256
27 326
219 192
50 89
41 236
214 398
90 9
175 37
340 462
131 48
304 374
78 283
60 24
334 117
479 124
475 437
271 402
373 446
363 46
388 175
243 430
68 211
455 416
278 245
323 188
238 149
153 469
139 114
255 135
425 335
365 450
253 397
398 160
89 191
67 143
35 258
21 423
473 238
241 98
238 85
322 84
20 273
316 67
128 22
242 111
419 65
309 343
214 73
244 257
352 317
358 449
350 401
162 215
70 229
279 354
191 426
367 313
444 371
413 361
23 454
220 385
206 485
98 378
441 254
129 496
163 281
64 355
479 302
24 87
424 414
197 480
393 95
53 278
289 349
212 70
187 472
27 448
277 330
163 288
258 227
369 284
284 444
32 269
212 316
143 418
427 328
287 90
114 248
390 226
338 305
191 473
38 381
243 82
180 250
385 318
169 410
59 42
303 86
6 140
400 424
125 391
99 306
145 121
131 442
83 493
420 412
13 457
191 276
453 393
17 204
126 280
367 386
453 375
246 247
58 286
296 20
71 74
464 78
466 220
461 61
40 297
160 173
411 404
221 303
211 429
465 476
462 453
231 310
11 358
426 494
401 474
265 342
57 347
447 170
365 216
464 41
33 217
393 382
371 359
327 106
401 177
388 108
262 356
78 441
343 148
225 15
217 19
397 443
42 340
245 379
449 417
120 368
294 239
272 120
96 262
399 60
172 435
100 80
264 413
500 327
459 498
440 301
382 468
457 484
298 167
283 224
398 207
335 176
289 300
392 157
59 116
321 294
354 394
178 147
333 463
174 33
316 369
21 113
135 218
335 76
414 44
104 209
120 12
356 38
373 28
191 387
328 151
143 91
373 312
310 408
243 320
259 168
498 68
182 50
480 25
472 470
161 447
302 475
17 115
318 395
284 348
107 458
14 10
432 350
487 202
449 253
476 213
271 3
374 237
483 400
363 53
95 298
410 197
413 282
482 234
65 225
16 406
357 205
445 26
397 131
84 161
59 55
182 266
108 260
312 293
247 142
281 146
268 196
76 304
45 183
16 353
186 102
76 255
267 206
315 190
333 4
402 154
347 79
242 129
278 130
449 56
222 174
124 222
102 287
131 17
386 110
73 478
139 107
331 351
135 246
438 112
389 311
418 380
304 156
407 228
434 119
387 452
120 199
22 366
18 43
372 241
56 438
334 243
301 172
143 127
483 118
263 219
397 185
373 136
198 11
234 233
487 18
177 333
371 252
248 461
482 270
416 464
231 436
363 296
237 362
397 500
463 153
277 1
273 427
423 331
295 251
48 482
395 178
272 433
267 497
480 208
352 477
423 155
267 49
242 16
156 487
134 104
478 59
38 345
444 184
149 99
249 372
285 242
86 490
224 445
77 189
202 341
320 392
202 377
180 434
368 495
142 35
404 97
31 271
436 421
249 322
340 57
364 277
75 309
74 164
213 29
109 240
276 352
271 58
300 467
171 169
186 195
42 132
410 182
63 357
209 319
319 203
407 123
404 275
230 231
331 52
41 126
428 137
116 27
463 323
49 163
211 307
336 338
431 388
136 259
260 40
157 268
269 71
132 324
258 315
189 384
117 36
482 64
258 96
464 383
63 30
146 456
290 431
78 23
438 101
271 212
421 47
304 39
327 483
442 425
170 54
159 403
441 489
417 125
453 488
460 144
323 422
243 336
20 145
371 187
146 92
479 5
283 479
398 329
366 264
269 6
107 399
271 34
46 451
479 181
256 165
252 93
373 459
266 193
205 289
113 180
137 263
204 396
42 94
133 411
386 432
484 81
382 66
146 75
386 332
417 235
171 128
468 13
433 152
132 409
426 291
88 337
400 210
152 232
55 364
289 7
170 32
184 51
21 279
186 272
393 466
79 419
189 200
209 274
268 138
327 360
131 249
321 390
280 158
76 122
254 420
478 230
341 334
124 321
455 198
448 365
259 367
495 265
108 162
327 221
429 214
311 77
19 491
382 346
137 290
90 492
485 223
43 373
30 344
166 363
193 440
8 166
333 486
408 72
486 299
228 31
390 308
450 159
63 389
208 69
465 407
336 325
20 100
240 465
479 105
500
297 26
165 260
41 287
281 427
90 93
8 189
194 468
181 443
423 410
201 20
54 146
193 366
253 423
192 33
23 231
188 173
432 16
1 389
161 350
266 319
190 248
338 475
382 214
459 500
480 56
41 342
68 383
493 492
394 404
64 470
464 385
371 193
347 156
145 216
475 105
388 277
39 40
197 15
374 297
441 254
442 204
421 8
47 272
500 467
399 66
248 74
65 117
326 4
346 65
94 162
407 301
352 119
384 100
106 325
174 367
108 196
298 391
90 352
489 430
183 170
431 59
376 386
41 141
30 75
187 373
188 497
414 323
283 266
21 480
468 18
86 99
54 434
391 122
277 395
219 81
78 415
18 338
344 70
425 441
341 109
272 68
245 356
473 361
392 452
493 344
322 471
61 438
196 437
497 294
298 9
28 409
330 44
229 32
382 313
57 73
194 166
79 177
210 79
483 55
442 98
68 164
434 312
214 490
45 150
256 377
306 219
161 364
205 101
399 228
261 406
265 288
145 47
283 378
416 60
329 126
340 343
40 198
126 296
289 113
305 218
307 351
170 453
147 247
246 168
463 13
312 461
60 396
15 242
208 444
432 446
455 91
19 375
461 346
442 387
379 473
486 474
289 212
200 154
40 259
423 281
165 469
227 299
263 10
199 139
92 178
362 496
406 69
489 451
68 381
121 131
436 136
236 123
345 308
220 295
219 307
268 128
348 108
370 229
343 416
135 251
185 258
173 152
73 225
326 215
332 220
213 134
474 226
54 445
242 39
428 454
154 62
102 267
100 327
78 200
94 355
55 283
477 499
118 479
354 374
318 43
393 72
117 379
187 118
433 2
449 138
136 268
368 195
489 182
280 22
466 115
396 23
393 90
392 137
314 143
354 285
180 388
414 400
140 447
195 289
468 103
415 298
44 246
32 478
156 255
149 159
344 111
179 209
10 71
378 174
458 339
97 199
490 433
284 27
177 370
467 239
1 191
318 482
212 483
150 329
435 286
150 224
46 88
407 77
383 440
458 140
418 227
5 1
124 94
148 276
344 407
482 394
118 491
17 363
321 201
214 360
102 57
430 273
34 326
151 279
423 120
86 179
495 221
166 487
276 238
131 124
248 397
160 477
384 418
177 30
371 54
107 428
487 210
225 278
169 167
301 458
418 80
449 244
304 249
271 311
357 45
178 262
168 116
44 371
319 148
330 417
282 362
337 459
492 92
490 64
23 197
461 114
490 425
308 347
297 82
338 83
76 36
50 432
429 14
456 142
410 207
332 315
419 424
81 106
301 358
107 309
479 376
367 384
366 37
237 494
236 38
326 223
217 476
494 169
26 163
84 176
147 365
425 96
356 390
133 484
327 76
110 332
128 52
64 232
122 457
409 340
159 354
429 449
453 321
44 172
106 274
74 234
281 192
236 292
138 25
285 488
74 330
495 86
108 183
7 67
231 472
73 324
64 256
467 372
24 147
478 322
317 203
2 353
358 121
456 310
499 31
24 151
12 24
147 271
205 233
39 35
25 359
359 185
387 19
449 17
330 158
356 405
248 130
242 51
391 304
460 194
131 336
45 211
192 419
141 335
154 348
458 48
137 368
207 429
102 161
351 241
22 250
59 129
117 303
122 181
198 187
331 317
160 12
35 202
116 498
120 302
251 300
425 205
365 290
206 413
65 306
125 414
487 135
359 46
188 402
499 462
19 422
344 333
79 53
200 489
225 261
251 269
164 265
255 145
168 237
128 21
237 50
430 222
218 217
82 125
443 401
252 84
309 87
435 465
326 357
475 257
391 464
288 426
103 334
196 97
187 188
73 252
396 235
310 184
87 460
198 263
15 420
46 42
429 382
381 369
76 5
415 284
227 61
339 34
102 421
426 3
450 230
271 455
416 78
35 411
400 316
69 175
456 49
31 206
89 486
228 282
438 110
377 341
206 485
271 431
42 213
483 412
369 236
220 448
79 264
344 165
313 7
22 314
150 28
134 107
330 104
131 398
406 495
310 320
270 155
372 157
202 442
184 240
431 245
11 41
329 127
59 305
341 436
497 463
192 399
376 328
322 380
347 439
446 132
51 102
21 349
463 208
127 253
393 275
86 95
230 466
378 149
293 171
467 331
243 408
15 144
261 85
157 29
56 58
212 450
15 190
132 11
294 393
284 243
210 291
193 180
149 280
448 63
220 153
148 435
123 89
188 133
201 112
206 456
234 293
440 392
102 318
86 345
456 493
388 337
27 481
412 270
268 6
453 186
451 403
