25
8
1 5
3 1
1 4
7 2
3 6
2 3
8 7
2
2 1
9
1 2
3 5
8 3
5 6
5 1
7 4
4 9
1 7
3
3 2
2 1
2
1 2
10
4 1
7 8
3 5
3 4
1 7
9 10
9 6
2 3
3 9
10
2 10
5 2
1 3
6 4
5 6
5 8
6 7
4 1
9 5
10
4 5
9 6
4 8
3 10
10 1
2 3
3 4
6 2
7 9
10
2 9
1 4
1 8
1 2
8 5
5 10
2 6
4 7
10 3
10
4 2
7 4
4 3
1 9
6 7
3 10
8 6
9 5
4 1
448
237 125
114 368
5 298
272 276
286 53
154 288
426 160
286 403
158 257
393 404
415 37
218 327
233 221
202 135
190 347
36 142
266 300
404 433
350 77
50 102
90 236
32 133
235 121
177 367
233 33
164 317
46 68
323 294
197 296
157 311
394 143
447 20
343 130
62 363
73 385
8 166
88 328
257 88
105 43
214 447
386 250
12 1
51 301
301 394
423 34
4 174
233 182
48 268
379 126
119 211
50 206
409 66
127 291
100 218
186 251
85 409
417 185
55 419
329 380
98 442
321 107
434 136
201 417
365 169
415 348
324 252
406 156
430 304
307 387
80 15
254 292
17 26
437 129
370 413
270 42
395 74
283 356
35 261
437 334
190 3
284 81
339 285
316 97
141 45
327 4
350 122
380 153
360 244
46 56
181 217
146 204
86 79
327 277
79 80
101 213
252 225
400 278
205 222
200 155
152 352
115 27
335 90
269 441
79 443
289 264
276 173
169 439
391 406
31 181
238 52
131 151
162 49
292 389
299 44
253 370
47 24
346 440
447 338
182 383
33 108
190 2
327 239
276 307
392 226
248 306
2 193
352 216
241 227
227 163
75 321
305 187
179 299
153 312
341 316
19 330
364 401
405 359
8 190
250 397
43 371
323 231
331 138
181 235
349 402
101 331
436 445
203 71
35 265
207 208
440 105
275 344
57 279
58 432
146 337
298 29
151 47
114 280
219 308
266 199
143 398
67 100
196 186
153 9
43 189
62 395
40 22
264 180
331 176
372 341
240 391
424 48
356 50
303 101
441 7
277 203
160 274
386 82
409 429
18 438
274 314
114 60
328 184
68 358
87 83
57 287
341 220
314 248
320 390
371 147
435 436
293 139
76 266
406 170
88 229
311 154
434 396
226 345
236 171
357 255
374 39
446 329
2 25
421 372
62 175
146 11
328 110
214 16
301 92
164 148
439 284
53 336
228 178
266 309
74 106
183 192
41 23
306 282
445 233
8 240
61 269
169 70
320 241
40 365
68 376
46 444
446 333
164 242
403 386
401 137
95 223
251 414
316 134
286 149
330 364
267 58
262 196
132 224
68 407
18 183
402 377
311 114
430 146
414 430
409 86
93 41
20 140
416 253
22 104
263 411
7 32
203 209
318 75
6 84
403 164
415 379
147 313
365 159
445 343
128 5
116 247
86 95
128 324
416 109
87 234
339 165
205 399
207 158
82 6
45 30
84 85
318 286
416 339
88 201
416 131
242 320
295 63
387 13
238 72
344 290
448 297
51 123
95 245
373 259
436 388
263 36
329 167
166 425
262 78
216 62
2 179
398 273
360 188
244 393
266 117
241 55
378 448
173 124
25 207
39 115
171 214
263 18
187 283
339 354
215 141
97 446
224 61
245 258
401 289
219 275
126 421
246 194
302 8
373 65
339 349
442 384
273 351
211 51
204 200
20 69
74 426
89 144
7 73
400 378
36 118
91 295
101 219
340 228
431 427
312 38
381 197
132 410
235 302
256 353
205 91
140 319
291 323
26 59
340 263
5 112
43 243
312 64
441 303
137 132
180 249
216 420
59 357
103 267
203 237
187 375
331 191
398 361
326 212
2 96
37 195
315 238
122 177
351 128
294 355
398 428
307 366
379 405
415 98
134 202
402 17
262 31
341 152
312 21
273 332
158 40
414 76
191 412
82 10
306 293
56 400
110 260
195 120
151 103
306 281
245 422
148 99
155 434
328 340
23 162
187 423
38 12
428 232
284 408
254 431
420 325
110 254
97 246
277 89
85 362
2 19
438 415
126 418
263 57
226 272
299 28
380 127
331 335
216 373
325 111
230 262
137 172
203 14
316 46
199 94
312 416
46 305
222 369
435 113
299 168
332 205
332 382
226 360
5 215
431 150
41 230
104 424
16 210
131 198
312 35
250 374
197 318
76 437
61 116
419 322
108 157
438 161
182 326
254 310
122 435
213 145
385 54
247 256
354 346
21 342
83 270
121 392
421 350
324 93
90 87
432 67
351 315
377 381
23 271
400
84 321
218 315
262 245
260 80
218 58
152 388
111 345
368 13
356 83
301 238
210 159
48 196
48 164
219 86
276 168
321 119
8 304
308 323
212 394
244 167
48 278
54 15
46 392
279 69
383 241
198 191
266 180
185 25
31 52
242 116
338 382
269 266
112 326
285 255
348 350
380 70
32 9
195 313
211 1
250 283
214 150
308 60
393 96
233 209
181 139
63 337
284 305
338 348
314 5
202 138
152 217
369 193
233 133
310 353
392 264
146 117
255 37
237 368
249 11
380 67
242 74
216 121
89 322
6 224
69 247
368 374
341 205
356 362
85 130
299 3
376 393
292 104
355 246
294 339
164 177
286 42
70 351
109 333
305 147
224 259
151 154
349 240
57 51
83 317
325 182
370 280
78 242
93 27
283 155
359 173
183 108
104 273
375 286
7 98
303 89
356 77
89 294
265 282
336 311
138 187
148 258
163 338
355 106
212 375
335 156
58 359
341 38
42 188
131 228
93 226
201 386
199 328
286 272
31 265
220 88
306 32
229 174
13 36
262 143
301 95
333 59
339 129
34 110
382 97
156 145
53 184
392 197
79 215
105 10
134 158
172 99
301 269
125 68
112 352
60 152
177 212
230 260
331 82
371 341
236 76
360 233
212 107
187 250
181 299
129 78
180 53
355 297
153 346
182 274
355 275
232 331
221 105
274 223
181 218
74 113
107 390
373 144
251 190
70 334
124 211
257 101
246 134
81 385
208 298
62 65
194 207
337 243
235 296
75 248
199 75
260 201
22 230
28 279
132 325
297 132
292 295
197 324
324 202
245 23
105 232
342 109
307 163
230 234
394 131
31 203
194 178
130 389
89 28
6 35
364 369
99 320
316 30
369 399
389 370
258 165
268 47
305 270
199 45
72 361
162 64
128 367
75 157
293 253
349 219
97 55
181 208
139 249
177 387
279 149
201 330
134 267
150 103
107 122
157 268
398 318
1 378
193 100
27 146
216 312
128 391
114 363
341 8
153 300
390 120
320 222
140 111
183 199
91 263
307 380
294 365
351 327
148 4
320 308
185 329
95 366
119 271
220 141
38 342
265 6
128 360
272 175
255 377
162 292
396 293
198 161
30 221
105 303
111 397
43 192
110 307
91 183
265 85
396 17
103 79
24 343
148 335
74 371
19 181
200 400
170 376
227 276
17 195
265 288
40 63
238 395
382 261
300 379
39 206
109 61
387 124
245 227
344 235
251 198
114 66
32 381
182 285
215 31
199 194
12 354
386 118
72 306
69 239
197 153
126 204
243 309
74 277
225 90
268 257
220 358
256 301
260 14
302 2
225 44
288 314
335 142
313 162
148 229
328 115
315 128
149 34
270 136
155 151
244 43
235 290
241 126
355 398
334 84
287 26
250 316
63 364
110 289
375 81
361 87
61 21
395 176
100 18
296 54
340 373
123 347
253 123
383 93
276 102
200 213
63 179
171 29
355 356
341 281
4 252
262 94
44 220
13 7
158 33
272 225
334 251
251 41
386 256
257 262
316 22
362 340
11 24
109 383
144 62
116 12
325 19
245 57
99 49
256 140
370 319
106 16
277 210
222 160
370 127
219 56
156 254
251 112
40 50
259 171
244 236
140 91
276 396
13 355
160 185
400 244
176 310
247 284
205 166
43 216
117 349
333 170
249 40
360 125
395 114
27 336
140 73
38 237
351 344
53 72
357 332
374 39
50 135
17 189
322 92
347 302
97 231
219 48
306 148
144 357
389 169
196 186
265 46
312 214
226 71
121 172
364 20
203 137
346 291
289 287
29 372
85 384
85
55 33
8 58
60 76
60 2
46 51
52 85
15 61
78 24
34 66
60 40
54 22
48 68
80 7
39 54
40 5
15 71
85 34
41 79
49 41
16 9
3 43
53 50
32 18
72 4
60 77
72 45
35 25
77 37
64 56
61 73
41 47
18 39
55 46
62 69
70 63
20 78
27 30
48 83
50 20
71 31
53 65
59 29
7 67
65 75
83 15
50 81
54 74
72 35
32 23
44 6
80 60
63 26
77 36
9 62
50 16
9 55
53 1
74 48
27 82
16 49
27 3
19 10
28 32
79 21
10 14
28 12
79 44
8 80
8 13
1 84
73 38
27 59
31 70
6 11
41 19
15 53
11 72
65 17
85 64
63 52
67 28
78 27
42 8
57 42
46
41 25
34 46
32 11
38 27
34 9
42 33
46 12
6 23
10 28
7 8
15 31
8 35
24 41
32 7
39 32
33 36
12 24
12 13
29 6
30 16
29 2
46 18
17 34
2 44
1 42
46 40
46 21
41 39
21 37
28 5
20 15
27 10
13 19
25 4
15 45
13 38
36 30
41 14
16 17
8 20
29 3
21 29
4 26
40 43
5 22
366
57 350
74 65
307 266
353 337
36 317
118 243
263 251
363 327
275 110
51 194
335 186
352 333
121 184
65 148
25 61
206 53
183 161
166 227
124 120
351 28
74 240
313 245
247 310
365 195
239 313
268 249
335 305
250 114
246 126
238 288
190 315
260 35
2 146
58 63
323 228
360 365
225 183
155 190
233 43
364 250
161 355
211 137
169 198
225 325
303 130
66 360
168 166
266 309
18 171
139 80
121 241
281 56
26 158
40 260
352 66
143 84
268 262
62 64
301 311
107 201
34 105
113 160
65 231
299 328
311 118
20 239
358 42
241 164
114 168
216 90
365 104
261 140
183 48
183 103
51 321
281 253
333 152
334 292
14 272
27 236
257 273
272 32
45 353
315 44
190 107
315 335
240 197
189 52
197 167
142 10
166 172
164 329
156 143
111 361
123 320
309 279
54 142
81 237
82 129
356 125
241 349
236 72
1 55
156 196
80 189
338 113
178 122
116 87
190 177
212 74
299 14
248 76
160 283
13 344
26 100
114 358
107 88
142 179
167 3
173 210
65 213
171 175
256 25
256 82
276 68
92 182
199 38
269 247
276 117
213 134
93 163
333 362
295 81
163 332
98 342
2 308
332 264
178 67
143 41
306 94
360 284
308 4
309 267
55 141
256 159
355 216
350 286
178 97
318 242
196 71
85 13
86 208
352 85
284 303
98 202
286 17
350 282
7 112
167 278
142 200
138 30
170 274
9 20
118 261
129 22
176 205
306 165
159 46
171 339
244 132
217 58
322 128
164 351
288 193
44 232
236 178
283 346
317 257
97 219
213 96
203 364
24 268
247 256
24 199
270 359
168 204
182 212
88 62
336 109
293 31
157 170
42 304
306 21
40 127
252 91
88 220
141 259
99 40
189 296
352 99
104 144
87 162
363 174
95 33
259 263
320 366
109 78
170 9
129 18
161 116
18 217
273 334
238 221
321 215
61 191
120 185
330 218
142 145
235 79
60 77
218 121
66 39
24 75
126 258
218 285
144 298
257 323
320 23
74 203
333 295
63 291
322 106
202 57
254 70
26 131
193 297
137 314
1 235
238 60
169 181
184 37
359 357
364 345
20 187
274 276
224 147
1 151
345 136
9 354
37 154
356 230
309 86
24 277
343 49
70 115
212 214
184 26
118 83
273 226
94 92
176 222
247 316
9 331
103 270
248 246
341 98
218 356
2 156
159 306
123 8
332 102
195 1
85 138
99 330
141 318
47 234
304 16
11 254
57 206
22 12
350 188
228 343
268 340
134 153
317 300
128 352
314 11
215 111
326 176
334 27
319 124
84 157
280 271
234 347
65 224
1 93
313 252
107 322
289 51
149 290
184 6
72 287
296 123
303 150
67 135
90 173
148 319
125 7
25 301
244 59
271 289
355 50
240 336
30 229
143 73
331 95
80 269
115 2
92 5
341 29
66 363
260 47
194 302
195 69
56 209
254 139
125 101
116 108
297 24
164 119
299 155
331 36
131 248
223 281
194 192
294 45
98 265
182 180
331 341
228 348
335 244
260 54
32 294
186 255
188 280
203 89
359 275
39 293
229 307
279 238
52 169
339 207
194 338
365 312
174 223
40 233
361 133
96 34
265 15
340 211
364 326
191 19
116 299
194 324
290 225
500
371 385
248 27
196 382
231 168
372 495
82 14
479 326
235 273
463 266
203 471
327 167
274 7
330 203
129 50
217 72
420 163
407 267
171 478
293 100
370 369
215 49
50 384
38 372
352 55
425 294
80 344
480 496
146 200
253 376
127 131
82 169
455 3
150 111
231 13
248 458
272 340
499 28
467 464
173 433
221 332
296 438
105 494
395 102
85 74
286 473
159 106
233 59
228 217
174 48
120 411
13 254
116 158
35 255
168 278
211 480
497 214
195 442
51 424
104 443
118 412
232 404
224 90
272 394
377 392
176 61
36 425
242 248
259 342
209 107
416 148
77 237
266 210
142 483
73 31
322 212
448 420
177 365
341 76
253 362
388 11
154 419
135 417
165 408
262 132
283 88
473 119
446 378
74 198
88 474
6 118
157 183
196 105
448 230
457 142
430 316
84 296
104 482
114 126
195 306
391 84
280 308
134 129
38 414
278 312
122 276
4 29
211 299
437 373
39 112
218 171
84 140
44 406
362 497
119 270
389 164
374 259
109 356
157 465
397 53
322 208
136 205
344 45
183 224
487 186
185 16
333 69
206 436
397 284
7 182
46 402
493 232
390 153
454 219
425 336
314 301
459 95
448 422
417 421
418 322
17 125
485 9
317 493
404 324
68 33
359 407
456 303
417 12
311 215
148 242
499 463
93 428
360 57
417 403
467 257
275 134
81 262
242 423
345 416
363 202
411 34
231 345
197 86
82 1
235 427
15 279
64 359
4 292
111 189
495 388
426 128
152 133
118 437
451 20
376 222
395 375
293 87
117 22
111 97
354 216
251 220
165 320
123 295
4 244
272 207
401 245
273 193
349 80
234 282
236 91
16 194
175 379
288 269
468 488
500 364
211 231
425 461
291 304
430 36
324 455
16 199
226 462
481 67
35 314
227 477
354 401
288 467
415 366
277 445
168 161
336 137
47 223
32 77
79 470
196 447
198 453
485 24
280 225
496 52
92 235
46 249
457 62
4 350
22 196
182 479
499 101
103 275
446 160
310 277
473 271
328 241
114 298
436 251
271 179
207 481
247 250
328 435
469 63
184 334
267 351
217 468
297 286
435 243
254 374
370 176
410 138
353 395
298 413
196 42
13 256
134 300
394 75
492 144
476 341
216 329
161 327
104 335
348 83
372 141
424 386
161 363
431 380
221 10
257 65
120 246
81 178
357 391
70 184
403 397
395 4
476 263
80 147
444 226
237 307
262 146
25 81
75 466
444 452
393 475
1 165
245 209
261 236
400 155
407 328
21 383
9 490
215 151
493 469
154 358
97 96
80 68
251 64
51 349
481 389
222 448
134 104
344 454
409 348
112 54
353 484
103 122
84 38
318 73
387 265
436 317
262 434
218 89
102 82
323 444
121 489
64 291
61 115
199 371
432 195
76 272
19 162
48 221
387 252
248 136
490 32
429 93
385 94
481 449
86 21
326 114
211 201
139 85
70 311
375 180
157 51
165 446
361 192
169 289
65 390
451 213
78 319
92 315
425 456
116 98
251 451
347 338
13 354
132 187
391 30
318 457
108 197
31 258
415 159
180 35
15 47
252 174
58 17
62 15
482 459
248 381
149 305
306 410
217 325
208 260
47 233
332 135
364 113
412 396
394 355
75 175
137 472
415 429
374 145
402 283
260 400
230 426
50 37
35 120
499 238
459 352
367 485
135 361
349 333
24 156
16 274
383 46
297 211
128 460
160 399
414 287
166 368
396 357
157 247
24 288
171 337
45 492
3 110
187 418
8 234
39 70
326 150
500 108
238 430
367 58
370 5
465 439
243 377
85 143
477 405
481 117
120 387
454 441
129 491
164 346
475 253
428 309
197 116
208 409
178 121
452 41
5 240
70 181
91 323
156 347
326 44
298 432
192 330
428 370
443 450
486 367
189 6
488 124
21 227
364 339
266 19
469 123
210 398
434 302
198 78
488 152
268 157
142 43
367 498
248 109
395 92
162 280
160 343
458 487
37 149
43 261
175 218
444 127
68 56
318 154
123 139
424 103
79 23
339 353
189 191
294 190
491 476
334 360
186 185
62 431
42 297
451 177
206 79
324 166
149 486
391 285
75 281
43 188
352 331
235 66
169 71
402 8
300 172
225 99
44 310
465 18
177 228
452 170
53 239
473 204
263 500
235 318
435 321
321 313
275 40
398 290
430 393
356 2
307 415
306 25
361 206
115 39
202 440
131 173
23 293
89 264
17 26
32 229
381 60
93 499
144 130
500
382 469
156 496
149 339
238 17
97 313
431 466
457 194
414 145
204 484
194 356
144 57
97 160
365 12
174 98
408 181
26 249
404 298
264 257
160 122
408 344
48 290
148 286
163 223
148 26
15 126
121 380
67 252
400 153
156 378
250 470
244 241
314 131
19 450
193 48
294 9
169 274
304 493
321 377
85 190
405 28
235 107
23 279
189 176
191 243
348 293
42 322
120 74
4 84
388 435
306 226
398 427
440 375
459 178
298 117
288 348
249 246
95 100
28 146
437 53
219 360
117 487
170 199
461 351
442 38
335 22
226 434
440 345
261 56
358 463
243 197
439 37
185 302
350 455
312 202
358 306
154 465
400 323
166 485
199 92
165 130
7 359
180 481
87 347
139 7
461 247
164 346
272 64
199 453
195 295
262 201
288 254
368 220
388 425
491 167
483 11
227 177
436 312
317 283
185 13
337 442
92 60
424 141
11 385
148 305
166 327
183 147
453 383
450 212
497 240
35 376
212 187
461 152
140 216
499 296
211 316
101 317
58 480
154 262
137 198
432 284
172 499
86 430
441 159
358 55
325 492
181 292
79 49
362 393
366 77
278 183
468 4
97 114
460 407
91 40
368 41
68 85
135 336
361 397
222 382
422 148
40 129
199 206
216 464
9 329
52 156
168 119
297 491
173 132
391 331
429 154
441 371
413 340
181 319
271 90
492 475
273 234
357 439
350 352
50 175
37 394
287 446
233 379
441 200
187 364
383 63
142 413
322 34
38 171
170 224
63 259
271 308
16 245
317 189
441 321
277 432
419 471
387 494
362 97
234 468
432 399
27 6
275 332
313 155
31 137
94 363
331 27
362 208
86 113
311 269
186 120
441 426
211 169
125 205
271 315
22 500
62 142
69 473
311 211
458 54
102 1
128 412
383 70
50 105
241 277
338 139
370 174
236 109
133 140
70 416
246 229
472 415
316 456
67 433
162 420
381 337
2 334
449 297
225 61
198 230
493 404
181 162
238 421
92 108
210 429
317 440
207 263
305 29
496 71
8 310
90 436
134 58
291 374
200 474
25 411
200 215
228 25
3 350
415 324
491 218
240 73
244 115
210 76
310 195
378 367
366 75
49 431
7 23
121 330
50 449
82 196
418 448
430 150
289 87
315 135
325 373
378 253
188 93
103 222
353 495
53 401
309 52
345 95
17 303
434 89
249 387
227 285
77 258
20 483
220 405
69 104
438 414
244 51
318 291
267 44
316 78
2 355
262 403
475 418
332 210
428 275
19 233
449 161
243 354
69 419
414 424
250 45
123 370
445 444
133 204
410 479
312 390
248 244
200 318
170 184
300 384
213 170
291 96
165 35
188 304
30 79
458 8
402 288
166 163
307 133
344 472
396 110
46 235
399 59
470 134
376 18
365 186
185 68
376 477
262 232
144 193
486 116
251 278
163 349
456 328
310 182
187 261
283 185
160 441
463 299
429 46
75 231
349 462
31 21
132 402
224 437
133 179
288 166
405 242
115 338
8 43
460 121
429 219
240 309
306 272
15 5
189 227
300 391
465 101
324 287
351 476
452 239
303 112
489 250
251 124
305 490
204 188
15 457
64 408
44 300
336 20
345 398
28 118
237 366
423 280
115 16
53 447
112 365
309 488
326 24
150 357
89 314
200 203
65 14
397 392
446 19
60 307
62 335
120 458
373 273
78 489
379 207
59 478
311 144
375 486
45 406
95 2
275 65
145 180
154 213
33 165
294 341
267 409
85 214
216 67
125 267
155 209
5 396
123 386
77 266
326 256
455 47
4 459
108 111
466 362
52 191
79 238
210 82
270 217
241 237
256 72
1 39
497 62
76 460
7 281
41 123
69 443
309 326
402 395
247 30
283 498
385 3
149 343
380 369
409 260
120 88
226 422
236 353
163 15
65 270
247 36
314 282
320 467
317 221
62 94
110 358
486 342
310 452
29 106
282 423
22 192
426 454
370 32
494 368
445 268
298 172
270 410
233 80
22 294
198 388
500 271
275 361
126 482
399 497
482 372
182 417
45 127
472 10
80 461
383 31
449 151
187 164
112 301
366 311
233 158
161 228
147 66
247 389
398 445
9 103
374 136
293 138
416 400
452 33
192 83
392 289
458 149
283 173
325 451
388 236
73 428
353 264
466 325
259 276
153 438
173 168
451 102
374 128
192 69
123 81
435 320
459 50
466 99
43 225
339 381
462 91
245 265
442 251
38 125
449 255
110 86
328 157
357 42
143 248
364 333
500
464 372
186 196
459 183
99 126
442 459
174 169
38 416
330 373
185 471
364 290
352 495
152 12
486 498
32 491
419 276
230 117
334 353
34 133
420 189
269 356
309 375
34 114
199 284
155 38
393 102
277 70
406 15
49 413
35 113
111 312
366 73
472 315
420 187
79 75
201 182
21 223
38 300
103 288
83 469
148 355
312 319
394 325
104 359
85 88
388 382
54 439
353 311
478 259
217 452
489 125
381 57
101 207
88 49
391 79
238 104
87 52
427 306
133 258
218 132
350 280
340 17
54 106
43 80
226 224
336 423
241 232
8 293
324 254
435 30
350 277
246 234
190 34
314 270
73 474
422 242
430 165
397 58
197 295
197 478
481 29
223 153
310 74
160 95
157 144
45 283
79 198
138 20
18 60
458 185
255 415
368 1
447 173
156 244
35 323
41 500
419 77
378 163
282 420
166 87
218 442
450 229
386 23
221 90
330 115
19 289
338 174
489 164
303 192
42 246
307 111
52 274
98 9
192 368
20 437
57 159
212 304
256 131
228 151
16 98
230 399
136 394
370 378
63 346
27 397
378 357
382 449
30 248
433 109
356 480
42 418
87 488
274 390
33 157
260 101
230 441
403 247
182 260
305 167
360 380
31 81
277 250
485 86
9 347
420 475
311 201
152 6
259 330
141 48
325 336
289 374
288 386
384 237
397 120
56 278
190 71
184 5
308 130
116 22
482 321
403 213
367 342
469 410
439 350
139 340
146 307
293 35
49 381
14 155
325 448
46 55
162 317
99 401
61 139
342 134
219 385
227 351
58 324
498 180
63 354
124 37
19 484
117 66
413 137
92 222
468 195
471 215
352 366
276 328
198 228
391 210
268 269
370 301
106 143
181 447
346 178
203 367
356 3
326 406
316 461
241 263
411 487
419 238
341 45
166 231
457 127
224 171
191 499
108 39
343 463
187 252
401 103
219 454
353 162
2 122
443 419
43 377
22 145
485 393
350 363
140 310
234 150
124 467
415 489
191 69
177 332
376 227
466 184
210 493
193 429
52 468
401 89
244 296
23 400
193 33
392 272
485 28
43 64
441 142
436 53
201 56
324 369
244 458
342 91
256 149
94 82
407 294
463 352
268 105
240 205
152 446
466 422
49 388
47 291
482 43
473 221
171 230
379 63
170 405
117 194
97 235
61 190
400 146
130 409
44 51
122 138
497 21
90 436
346 257
213 496
170 200
235 292
62 297
336 211
394 450
171 341
462 16
90 4
242 473
169 345
19 482
311 497
278 391
212 266
451 214
67 267
202 85
497 119
426 209
158 453
37 108
84 236
94 220
390 116
28 99
20 112
155 226
272 302
23 389
256 327
118 298
226 434
227 326
254 438
323 218
243 27
422 309
209 264
144 199
9 160
40 177
322 59
60 121
25 50
482 208
148 470
464 46
69 18
206 97
494 193
170 313
246 443
484 460
252 384
467 261
37 68
285 26
19 338
494 203
77 44
450 285
154 427
300 271
153 93
111 314
13 383
349 2
14 13
249 168
454 255
151 365
142 94
295 477
336 457
216 370
328 7
344 19
81 176
97 349
497 100
232 433
154 492
117 54
477 348
257 428
142 339
370 140
154 181
285 414
182 444
386 42
157 407
179 417
358 303
122 256
27 179
385 239
37 486
331 424
32 124
195 421
387 141
430 396
196 464
53 154
480 240
196 275
8 204
379 404
91 118
241 172
114 445
96 156
219 24
378 466
478 435
456 273
66 320
321 14
494 61
273 358
112 465
28 72
204 202
10 333
249 241
181 494
402 279
294 8
15 84
482 136
263 412
215 31
60 360
44 212
426 455
175 107
327 40
366 376
37 483
154 206
278 335
472 166
150 217
111 371
217 175
473 362
387 316
202 225
16 392
451 476
388 337
295 411
326 334
30 408
229 398
122 47
347 364
333 32
144 281
144 426
187 135
165 490
250 331
412 65
337 197
158 233
153 322
435 431
334 147
103 379
106 395
288 76
343 67
444 216
452 36
193 432
401 456
17 253
83 305
203 11
82 219
80 430
135 481
498 361
326 245
356 148
276 479
81 268
244 299
469 403
205 92
417 440
166 402
150 451
21 186
21 41
279 83
495 110
181 243
446 123
109 343
67 387
108 158
67 129
334 188
208 128
495 265
31 161
158 62
412 308
145 249
249 251
238 425
462 286
5 170
198 78
91 462
321 282
123 96
17 262
415 485
383 329
139 344
440 318
430 191
381 287
176 472
477 25
333 152
500
208 393
113 486
147 412
268 228
93 135
462 313
94 297
30 149
455 270
493 41
279 311
62 260
410 416
366 277
430 480
434 478
136 461
457 299
492 259
9 400
195 81
83 476
293 9
373 227
173 367
391 398
428 232
279 165
366 197
315 310
341 37
416 373
228 458
83 128
78 322
144 31
410 293
445 137
381 272
286 329
57 343
307 446
58 118
114 195
141 25
274 295
380 378
74 280
484 108
329 466
460 495
165 129
242 462
388 422
84 415
457 489
248 405
475 392
405 382
462 117
49 119
48 180
232 351
394 353
80 159
235 200
496 448
163 493
55 411
492 488
386 67
424 345
423 99
193 115
108 498
159 214
381 90
306 450
236 12
142 244
21 371
215 92
487 102
372 445
248 288
417 456
130 459
85 157
449 77
216 249
14 408
233 442
14 183
35 366
328 22
367 316
357 241
326 247
495 435
445 124
413 78
413 155
209 181
117 7
36 134
56 125
286 349
149 70
496 261
233 472
192 184
394 389
169 362
329 162
136 217
411 341
461 360
395 146
274 2
44 447
96 208
445 94
117 85
4 138
142 245
348 273
264 86
354 97
16 36
184 377
239 325
294 284
404 279
420 89
186 483
309 79
199 8
370 110
34 40
303 363
78 326
184 372
220 98
161 248
390 302
118 28
471 216
492 64
448 258
93 467
69 235
305 209
479 240
298 38
163 399
34 420
385 303
166 346
41 315
255 15
132 434
337 101
3 192
35 18
265 251
263 93
108 301
378 95
4 475
215 492
418 213
91 355
163 409
76 300
284 112
408 262
196 369
415 169
122 339
284 263
202 210
45 154
108 292
328 289
164 364
183 140
434 304
448 49
221 455
16 338
492 87
327 55
325 499
398 254
129 330
184 236
39 418
209 175
353 379
209 333
118 133
54 34
110 3
60 432
31 190
417 396
409 474
456 282
87 57
472 465
355 444
236 384
52 433
249 255
342 281
90 391
446 44
29 16
498 202
488 427
125 394
283 309
162 203
71 470
376 286
451 271
387 39
393 354
4 321
115 451
369 359
205 5
376 205
240 449
57 231
229 291
320 331
192 500
19 150
200 356
340 266
484 53
305 166
168 33
8 172
317 211
395 387
96 477
134 496
389 464
18 296
478 318
442 239
135 242
180 178
117 43
53 335
15 370
422 380
451 120
363 173
439 71
219 142
272 290
350 152
247 425
45 186
491 426
422 109
131 374
368 437
214 24
6 215
322 307
246 220
226 479
258 413
163 224
249 305
3 122
497 19
197 348
466 443
53 337
390 314
495 381
371 417
168 252
6 199
345 484
12 386
494 10
256 424
318 340
264 201
100 414
473 62
284 269
299 66
303 116
364 68
306 151
477 494
205 222
47 402
332 421
203 126
471 80
150 323
460 487
422 357
305 179
156 170
90 30
327 317
341 144
247 276
240 319
79 177
465 390
498 207
300 63
327 111
331 482
364 253
329 439
496 328
29 298
421 127
189 139
323 419
270 191
122 395
19 54
249 11
272 103
493 457
8 76
499 194
370 61
140 306
448 401
405 4
356 469
437 441
263 233
121 50
275 473
51 106
427 46
409 32
312 100
467 388
393 13
243 104
30 147
124 308
452 107
165 463
478 204
157 283
74 344
447 352
94 481
33 250
26 275
475 52
261 60
96 189
194 160
495 431
118 6
453 347
355 167
6 82
212 148
247 171
193 143
201 375
322 1
460 73
462 48
361 47
331 406
270 320
368 274
164 212
195 403
366 423
348 256
318 327
77 29
10 91
462 164
448 365
318 176
343 430
137 436
408 460
380 358
202 96
201 72
139 75
61 265
492 161
35 312
158 130
483 14
393 27
396 45
91 238
165 397
497 132
113 497
198 438
343 114
30 287
452 385
12 141
268 218
418 234
350 267
404 174
59 145
65 158
75 342
304 168
203 83
105 153
185 440
175 219
72 51
173 121
235 74
10 237
131 246
435 294
325 407
206 58
361 428
402 243
158 429
7 404
242 223
305 368
110 230
432 268
73 88
79 336
379 410
267 383
8 453
467 26
374 17
390 131
117 257
57 285
218 188
418 59
317 21
116 490
77 123
176 225
101 468
159 452
185 485
351 206
43 491
173 278
370 35
141 198
327 334
457 185
93 69
30 264
465 56
163 182
412 221
496 163
408 324
169 332
460 193
120 156
148 84
484 229
446 42
167 136
497 361
42 471
68 454
105 350
330 65
99 113
308 105
499 376
367 187
359 226
180 20
23 196
500
221 90
41 238
53 58
19 452
350 86
65 477
391 133
383 60
191 5
189 35
337 69
29 45
315 500
17 27
193 307
275 367
86 199
99 331
133 123
7 308
83 491
27 311
13 239
156 187
148 111
175 402
216 174
345 128
339 408
457 296
77 393
397 33
274 162
81 160
320 381
179 420
207 197
455 359
200 29
439 1
187 114
467 345
281 122
104 333
74 212
240 217
467 486
242 360
172 458
228 152
290 341
42 460
115 383
190 6
15 98
62 495
15 192
266 185
298 226
497 179
418 194
339 63
103 125
226 264
395 409
291 165
175 103
376 414
301 339
447 270
334 392
298 319
428 228
106 172
156 276
161 407
349 481
372 378
486 488
149 480
307 421
148 82
214 428
246 141
296 44
129 184
69 79
499 163
426 269
160 195
384 275
496 342
483 453
176 290
29 143
34 465
4 91
307 374
376 330
227 395
10 448
341 417
388 320
42 206
158 357
304 468
389 344
254 93
72 449
63 15
42 337
134 352
320 243
260 431
61 148
33 234
229 373
110 394
310 438
24 294
10 418
230 70
100 372
72 478
438 202
373 21
114 31
358 28
323 127
385 120
270 445
278 154
44 59
467 46
335 405
436 291
49 205
19 140
131 151
55 489
485 248
54 73
231 51
470 263
212 429
67 355
94 161
1 68
141 14
102 196
26 391
10 384
460 52
481 473
449 497
22 25
141 419
294 119
445 166
342 411
380 305
418 61
370 189
365 297
26 358
169 404
175 54
456 124
259 75
137 19
465 96
174 380
238 16
131 87
381 442
484 479
145 306
378 317
499 22
350 403
434 20
372 7
254 64
191 201
188 74
258 164
249 157
444 370
70 66
38 210
256 251
434 183
82 252
369 492
463 430
24 281
408 37
247 364
2 293
427 277
326 200
116 115
18 426
83 462
100 78
277 349
179 386
92 231
60 310
432 237
310 441
153 137
330 176
38 145
357 95
461 101
8 406
426 427
421 390
318 9
445 287
73 482
115 278
256 424
443 225
291 303
462 309
413 13
339 343
49 11
203 255
233 322
408 43
488 83
372 326
204 336
86 104
386 401
472 48
183 268
376 318
408 71
148 138
461 471
431 389
148 328
288 3
488 36
132 190
115 169
3 198
342 273
54 475
13 39
296 213
56 94
285 186
102 168
232 377
388 301
253 288
423 62
395 2
177 233
49 379
370 170
325 416
219 249
352 182
128 399
85 130
244 397
348 134
175 229
53 280
38 274
311 100
373 55
171 40
98 447
490 67
393 207
430 232
351 353
145 487
59 266
272 368
423 211
362 314
345 415
224 362
187 116
473 178
253 347
428 129
100 446
369 193
439 256
174 88
31 493
86 299
183 369
49 147
471 156
352 209
213 423
493 413
214 354
445 191
168 388
82 220
316 150
190 350
176 106
311 175
310 289
209 292
344 469
315 105
260 30
10 434
109 240
431 204
19 142
200 265
8 259
360 167
339 107
239 92
395 109
31 155
448 223
443 463
115 282
74 34
53 321
139 80
153 112
104 235
447 132
97 498
333 8
418 472
168 464
222 216
125 279
290 425
200 136
237 365
257 300
375 17
38 257
288 456
5 457
123 348
480 99
425 459
440 47
360 436
68 81
184 173
409 470
273 316
336 110
26 258
43 329
373 499
490 496
446 203
69 435
171 38
252 312
249 484
183 298
341 149
375 376
474 451
427 371
68 32
463 181
368 450
343 42
456 241
443 324
2 159
465 286
424 49
111 254
449 361
367 461
232 76
371 247
451 382
240 272
142 113
411 385
120 474
282 335
209 188
57 315
310 261
279 18
11 222
346 244
289 467
289 327
126 356
210 490
270 121
486 131
130 325
370 126
281 23
231 476
482 346
189 56
98 433
326 285
273 246
277 332
487 271
178 218
337 410
93 295
136 466
253 102
44 4
128 177
360 236
293 41
216 366
278 262
465 387
338 77
50 422
477 253
384 340
435 396
68 84
200 139
279 485
252 117
146 153
124 245
223 432
484 439
212 483
44 72
419 10
67 443
424 338
199 334
38 97
497 108
254 398
384 242
146 224
468 250
417 437
364 323
194 260
164 53
220 494
241 400
200 219
343 284
132 144
411 65
327 24
421 26
405 118
238 230
233 208
471 375
412 215
339 214
409 171
114 313
274 455
310 89
325 12
383 454
491 85
278 440
139 302
130 267
444 221
36 444
271 412
436 57
314 227
268 158
43 135
81 50
47 351
304 146
480 180
17 283
363 304
500
450 268
278 272
188 316
411 424
113 137
219 16
104 431
260 139
496 300
479 488
238 364
110 175
88 400
498 414
421 202
367 337
214 470
494 124
229 377
321 59
196 302
169 19
166 78
57 275
31 425
50 106
12 169
210 365
426 403
67 107
78 172
281 75
443 131
490 298
372 317
352 221
491 21
344 161
426 396
59 17
428 446
215 254
438 387
35 182
461 184
224 231
380 297
258 199
103 348
184 66
171 52
123 58
421 439
338 191
97 305
458 30
374 415
93 328
451 211
255 117
423 338
315 230
111 421
463 353
118 60
235 72
222 282
198 113
316 200
172 222
25 354
101 100
358 460
440 357
374 229
88 105
388 46
12 83
320 295
57 482
475 45
302 270
46 101
318 146
168 292
9 418
346 150
193 318
442 44
304 259
92 498
88 123
183 313
46 490
306 453
181 319
334 271
77 10
337 246
395 382
74 288
187 110
377 99
379 367
266 24
117 138
437 219
161 267
333 301
123 336
162 494
433 15
7 444
14 352
408 71
305 385
477 115
462 252
477 85
309 287
92 451
322 228
231 290
185 147
114 132
241 97
140 452
177 383
278 325
240 279
270 433
132 428
309 239
237 370
135 304
88 195
67 64
279 190
15 250
462 484
16 371
430 426
262 437
378 95
319 410
373 193
147 332
349 350
16 423
330 458
229 111
394 399
228 376
103 36
473 32
140 116
264 210
162 477
393 14
406 263
423 61
236 392
100 237
400 492
275 463
304 323
460 234
478 262
334 235
240 286
403 472
454 94
270 388
32 165
21 227
5 404
391 180
2 405
464 273
327 238
263 429
39 57
229 314
12 440
342 373
39 203
78 296
279 333
191 47
179 39
81 339
113 285
123 13
369 174
356 441
358 163
289 53
249 1
418 344
460 393
239 240
116 390
114 341
482 278
235 198
164 216
205 118
66 208
240 381
253 265
385 442
235 363
42 281
499 467
274 486
480 76
204 233
285 4
157 192
357 73
216 120
4 465
105 201
356 430
240 37
463 112
320 476
310 491
340 409
387 80
96 473
305 306
212 335
105 378
238 181
229 33
362 455
328 3
149 330
156 178
442 11
339 122
361 79
255 434
17 289
45 62
345 466
406 170
266 157
142 152
156 261
77 87
335 77
484 167
493 149
43 276
323 7
248 22
295 307
89 74
117 443
5 136
473 309
342 329
244 56
472 12
487 179
201 93
216 159
499 160
101 256
278 135
301 84
342 162
454 448
286 92
218 189
19 432
426 481
444 469
126 493
390 214
155 176
279 394
59 140
169 144
300 340
470 374
336 241
404 391
409 50
257 166
389 213
179 88
413 407
403 103
91 497
75 361
495 459
420 43
12 253
496 143
354 155
92 462
154 133
160 419
296 368
199 224
43 108
421 438
37 109
244 427
44 356
285 104
199 96
235 220
398 324
486 188
211 331
93 395
70 375
414 417
452 48
315 244
213 369
57 25
330 186
84 315
468 436
173 499
275 42
269 500
16 457
99 177
193 450
498 38
55 196
65 185
271 351
309 274
219 141
210 148
496 206
309 63
56 119
343 379
367 89
267 422
445 121
74 408
177 142
432 5
180 41
51 321
378 9
313 153
167 327
294 277
100 468
438 218
267 29
76 164
448 260
100 326
189 69
327 480
369 372
32 91
361 474
278 489
399 397
7 294
132 471
42 209
446 242
27 310
54 31
266 449
49 128
250 40
180 269
12 251
239 55
348 401
251 355
400 366
80 322
279 475
79 447
149 359
361 158
368 264
415 308
374 413
199 154
153 342
278 26
210 232
353 389
114 347
66 207
326 18
74 65
410 284
354 34
253 362
452 299
15 257
73 225
157 70
494 312
79 6
496 249
428 204
499 168
226 380
408 81
304 435
452 54
7 215
434 416
47 173
194 98
68 171
135 151
44 248
400 194
329 130
384 245
343 485
7 156
413 102
407 280
337 487
299 406
482 8
160 320
263 82
272 68
420 20
447 35
427 86
449 236
443 346
34 126
271 412
125 183
35 28
408 456
328 479
109 478
254 90
56 247
136 384
1 483
119 129
190 283
204 51
412 343
351 266
161 360
100 402
410 134
94 496
147 255
75 445
94 187
196 205
59 349
475 243
167 303
472 67
443 223
298 145
17 258
86 345
315 125
194 411
202 217
229 212
331 461
407 358
148 226
449 114
276 464
405 454
441 49
384 127
136 311
52 386
11 495
438 27
483 291
498 23
88 420
267 2
293 334
59 398
197 293
500
395 289
30 292
79 370
444 433
42 90
25 469
480 418
480 276
250 58
233 352
144 304
388 399
266 56
432 242
85 406
209 76
346 325
131 483
306 228
97 480
176 468
208 447
239 284
131 183
62 307
306 261
415 350
391 250
485 138
301 65
158 425
80 8
295 408
476 197
420 460
482 435
447 256
237 18
191 171
399 484
28 187
138 142
458 133
220 360
472 134
377 367
339 452
244 128
52 203
81 202
352 368
476 220
55 12
21 191
385 141
25 395
219 117
370 264
459 140
24 334
390 254
314 424
84 216
425 493
185 317
92 351
326 302
120 487
283 49
407 492
294 165
281 404
289 342
337 41
430 332
427 476
440 38
500 362
78 44
454 222
136 488
429 37
288 411
264 230
180 455
498 97
34 46
151 405
236 287
105 32
201 403
1 39
77 457
103 458
288 20
249 54
67 42
317 258
341 205
294 57
356 400
375 240
238 466
251 3
380 221
132 110
78 318
317 373
88 238
244 161
246 206
301 130
132 296
117 422
79 253
435 102
315 62
404 456
429 324
52 430
99 208
471 494
24 166
258 294
13 9
40 297
260 275
353 356
177 439
19 1
243 17
113 338
167 267
208 190
446 262
407 148
424 120
351 396
287 306
274 454
172 478
474 330
76 59
265 303
401 85
254 265
163 340
287 349
334 163
282 243
181 353
456 69
320 30
477 453
83 215
336 84
418 331
371 77
241 437
78 200
376 78
117 194
304 82
209 223
278 260
326 50
465 249
348 149
377 444
278 123
168 255
128 45
41 95
197 184
219 259
11 2
96 239
457 442
260 164
3 365
488 299
431 384
250 101
193 119
259 333
194 472
229 48
49 150
498 337
53 463
431 244
23 392
468 73
78 467
450 271
367 366
146 60
434 156
333 88
58 170
36 245
440 266
458 168
10 237
39 116
87 397
344 343
15 445
183 98
321 159
160 66
464 71
73 420
47 131
314 431
225 227
426 450
397 209
231 314
479 386
178 479
143 355
311 213
171 393
267 328
181 432
33 345
359 6
293 485
107 319
247 108
397 75
58 251
445 499
66 174
386 68
456 124
98 63
386 497
223 145
346 465
104 293
129 91
374 177
68 201
100 28
394 55
389 359
187 105
188 126
302 80
161 320
326 285
229 236
50 113
439 96
13 104
309 361
188 279
268 421
216 182
472 125
25 380
311 93
10 15
66 107
334 482
415 99
267 441
452 151
93 495
498 474
174 40
390 143
441 67
390 204
499 109
212 162
56 377
246 16
129 486
396 269
115 290
471 491
147 218
405 233
70 462
27 21
48 298
71 196
432 371
187 34
161 427
327 152
62 33
165 4
51 224
227 443
216 72
218 53
199 301
498 286
334 283
94 496
153 364
489 316
128 122
463 180
479 414
370 327
107 185
171 29
436 25
60 434
244 278
313 263
337 188
24 64
131 121
131 459
234 158
78 24
211 74
288 436
385 339
411 335
244 153
43 315
112 19
260 235
357 234
298 11
327 500
415 52
150 471
217 199
268 112
191 461
53 27
333 35
192 375
476 305
54 207
143 186
49 214
116 155
361 241
100 7
104 274
262 100
305 300
282 198
382 81
33 132
222 475
388 169
410 193
216 79
194 312
274 388
284 47
275 426
415 219
53 232
219 464
173 383
260 378
22 412
91 272
64 401
314 288
492 440
347 257
143 167
220 270
26 407
384 344
73 127
415 229
359 451
374 231
38 309
369 147
107 172
55 490
287 417
132 211
274 146
169 374
225 489
20 423
250 195
46 157
17 192
156 372
293 473
339 106
37 358
56 282
291 322
260 14
383 22
75 391
390 129
478 135
457 346
398 13
202 252
72 415
136 36
101 310
105 144
420 387
378 268
182 313
140 246
130 348
216 225
424 379
369 87
372 376
296 446
411 363
399 5
280 83
364 70
368 226
192 336
355 280
481 31
476 481
332 498
360 248
257 326
279 217
33 181
492 51
112 277
207 89
486 210
280 470
306 118
245 416
417 398
81 103
279 394
80 413
471 389
477 92
11 173
469 402
445 354
76 281
177 321
46 212
6 114
3 308
67 189
101 115
47 23
454 179
453 26
498 61
433 329
95 178
108 419
495 385
52 448
483 438
344 136
11 357
40 382
465 154
443 369
456 175
322 273
417 410
71 295
470 311
154 449
441 247
23 160
200 409
61 291
315 10
351 429
363 390
453 323
1 111
97 137
394 94
74 176
278 139
391 428
137 381
315 477
343 347
499 86
341 43
500
280 437
29 80
101 432
351 113
233 7
320 15
129 343
488 132
333 258
61 349
49 147
379 440
426 128
437 354
268 465
79 244
291 427
313 189
331 381
27 177
496 276
429 294
168 370
369 281
74 166
301 32
417 305
401 110
388 77
16 150
89 124
297 112
269 81
375 211
494 443
264 217
372 319
451 321
391 103
420 86
316 69
150 164
419 357
248 481
219 108
79 378
207 497
367 475
319 114
452 127
181 174
191 98
314 403
138 413
2 160
294 377
254 304
159 309
267 82
239 224
102 447
203 83
349 204
420 107
122 97
498 50
210 95
65 208
155 89
122 457
219 323
437 500
101 272
74 477
274 203
449 356
177 485
141 360
383 472
182 495
470 398
470 390
463 187
440 296
153 11
111 42
148 31
415 10
356 434
348 291
188 255
125 155
444 190
253 122
388 442
250 176
476 188
59 6
41 181
132 478
497 178
407 206
57 474
397 202
162 402
327 303
272 198
242 45
228 8
404 21
314 24
466 38
277 215
418 315
397 12
73 288
479 458
258 374
373 33
219 3
145 284
399 314
259 441
399 387
454 167
299 230
434 148
130 226
148 36
222 282
470 48
201 109
444 234
396 393
50 37
169 450
238 391
494 227
86 135
253 480
344 145
368 469
301 293
173 180
137 91
48 169
185 373
49 444
165 424
334 446
289 4
6 320
51 408
362 448
279 139
364 287
87 75
192 430
240 376
89 118
19 54
235 404
108 233
385 19
364 5
208 64
493 68
111 70
323 111
250 134
272 328
326 451
89 61
222 237
446 409
108 421
478 339
105 239
290 76
421 146
473 241
25 454
100 120
154 489
48 231
478 286
272 52
15 352
323 57
18 136
170 101
322 295
6 351
182 274
15 197
347 199
266 213
210 34
162 318
285 47
103 28
191 212
323 428
114 46
366 157
136 248
383 344
103 242
464 425
202 184
362 182
217 476
185 334
46 65
439 162
468 396
425 346
458 153
268 420
482 17
152 358
180 185
334 58
67 383
326 251
196 419
318 280
37 1
24 79
179 141
25 261
49 484
229 467
392 397
430 41
14 55
474 133
370 445
85 400
224 87
248 300
89 382
63 392
106 93
220 43
381 395
419 473
369 40
159 130
318 253
294 263
63 301
7 16
264 348
174 372
85 470
155 163
203 299
399 170
332 362
176 247
11 209
468 307
490 483
136 210
92 26
484 297
214 78
408 479
477 313
11 264
356 435
398 271
329 191
434 491
21 462
485 273
338 350
439 142
474 389
255 487
217 88
460 106
128 298
287 13
110 325
223 53
181 471
336 219
350 137
58 225
445 336
12 161
365 366
349 332
32 368
425 285
325 257
223 143
402 412
180 375
169 90
347 201
483 265
463 228
49 329
232 405
483 335
259 144
259 168
249 71
418 267
405 129
117 466
4 486
213 426
171 394
413 123
14 151
48 156
149 183
179 452
63 482
4 493
369 312
401 44
293 431
238 92
15 326
465 417
41 159
160 223
170 196
287 245
266 331
53 105
43 342
134 414
435 27
323 240
43 386
407 453
404 456
355 468
498 205
419 254
130 60
472 308
449 496
108 126
170 221
421 461
63 229
64 270
296 361
251 158
243 235
77 67
60 243
198 121
291 49
175 410
459 364
224 341
89 277
352 322
295 72
486 104
13 388
176 306
485 438
130 463
474 369
290 380
499 278
465 14
4 488
303 173
443 459
171 498
54 330
308 116
308 327
181 200
188 411
204 117
464 256
435 302
394 371
216 279
98 154
306 269
117 66
495 207
76 499
44 355
273 415
266 74
484 30
345 51
41 73
43 338
21 115
453 260
201 310
215 56
334 9
239 102
53 275
24 171
331 192
44 131
177 333
197 353
357 63
127 220
433 99
152 214
123 216
156 406
67 266
462 179
340 138
231 140
168 193
60 20
161 433
464 194
184 252
315 195
425 175
37 365
233 385
75 259
125 84
133 460
79 347
424 416
202 379
195 384
228 59
328 401
71 35
352 418
170 316
65 337
392 289
13 324
133 165
94 317
425 222
110 246
214 25
164 311
47 238
221 436
214 23
239 96
212 119
208 29
354 94
367 363
422 18
133 152
480 22
396 236
335 232
222 249
90 490
333 345
7 494
430 283
359 290
391 2
394 172
199 367
302 464
192 125
453 292
99 39
39 268
320 455
122 399
121 422
117 149
143 439
130 62
260 449
30 359
47 340
125 262
431 423
35 100
201 218
265 407
193 250
311 429
383 186
492 85
500
364 214
6 356
263 79
205 58
313 127
437 360
258 408
74 210
398 305
17 346
452 321
214 458
86 476
342 42
130 403
84 119
222 491
398 463
141 99
33 145
473 354
402 279
1 336
53 456
462 172
303 437
475 57
78 278
480 215
162 21
80 304
91 327
104 243
261 399
226 378
371 386
127 373
80 5
247 108
318 461
52 165
164 121
155 260
467 208
322 263
102 178
28 164
225 398
356 276
286 129
462 60
478 483
231 433
60 225
245 7
131 255
255 266
86 107
169 406
207 254
190 150
279 65
52 425
319 473
51 102
115 381
447 484
104 185
256 181
402 468
155 239
458 367
107 343
277 235
77 410
206 475
373 329
498 158
352 159
113 26
313 78
348 41
9 136
447 481
74 297
251 358
3 35
369 53
430 37
397 259
120 19
154 77
332 442
129 308
333 98
91 423
134 242
365 344
78 351
67 490
135 85
62 201
191 132
199 139
272 439
260 186
392 166
91 43
108 365
448 494
380 430
280 460
443 431
161 290
97 228
138 62
67 496
216 134
431 219
420 198
322 407
166 488
224 287
465 218
401 464
105 151
114 384
119 291
34 125
93 25
176 300
44 253
141 194
478 76
39 283
332 97
491 249
96 170
13 51
158 212
244 177
265 380
385 429
168 355
391 350
334 176
387 171
385 229
25 440
451 320
261 93
239 197
486 126
71 224
131 445
497 8
338 268
171 447
348 174
317 154
290 160
373 396
100 233
478 405
112 245
311 28
302 9
376 262
6 105
240 91
69 100
326 338
359 90
88 361
26 469
401 282
172 438
52 187
321 234
235 137
81 87
455 148
336 4
323 280
131 443
5 11
349 34
453 333
130 15
233 114
62 61
226 347
135 413
330 417
377 428
37 497
337 272
344 193
33 18
77 409
78 498
298 289
73 419
69 400
462 489
472 223
437 383
149 199
23 220
98 306
297 390
443 392
231 389
54 152
237 416
97 316
430 286
167 118
393 24
384 75
90 141
434 492
252 294
386 124
424 155
89 117
207 303
385 252
332 420
418 352
286 292
314 299
202 13
111 29
45 80
215 387
485 348
148 453
193 195
294 270
223 470
238 455
439 332
378 426
180 89
115 376
478 46
134 207
10 372
228 69
391 273
351 310
452 236
132 485
137 203
186 444
250 314
15 244
493 422
118 232
294 495
275 328
60 281
328 246
183 315
221 68
445 479
429 474
270 56
363 205
43 401
107 104
370 115
172 226
187 179
370 133
326 421
52 397
337 110
24 275
116 302
139 248
226 449
123 221
369 169
206 143
209 450
458 340
358 330
327 27
495 64
372 88
397 322
484 23
484 10
25 144
60 22
275 6
370 271
99 369
159 462
22 1
255 295
311 368
473 339
46 371
78 156
31 200
434 424
335 467
490 116
134 120
206 122
308 101
148 31
369 240
278 265
115 142
428 238
490 334
194 123
6 112
428 131
47 285
459 471
219 418
457 189
428 63
10 377
403 359
138 180
433 250
452 55
270 323
407 196
144 451
97 84
3 482
6 109
387 20
379 493
27 163
204 81
205 73
386 457
198 32
114 345
494 264
270 237
66 284
162 95
499 49
316 434
357 258
313 427
369 188
143 2
9 140
91 67
390 168
424 432
146 364
242 349
141 44
145 211
483 106
209 480
318 335
202 500
137 402
64 191
115 74
387 230
361 130
498 317
447 309
382 39
130 312
426 269
156 465
318 128
94 66
19 301
226 414
224 331
94 307
256 261
207 311
38 247
110 231
54 36
114 370
227 353
280 70
127 241
51 459
422 448
26 167
70 395
214 313
444 82
378 288
259 357
170 92
124 277
157 319
247 147
157 466
204 274
380 293
286 50
274 393
347 388
377 135
500 175
287 48
306 16
74 446
198 341
287 149
144 362
432 217
433 17
10 412
266 162
458 441
215 411
332 324
84 256
191 182
325 94
5 326
343 33
196 209
362 385
233 59
362 342
287 113
137 12
376 153
494 267
292 71
90 157
280 216
56 375
469 391
158 173
496 183
104 206
345 472
32 477
213 40
235 213
67 499
287 222
222 52
291 138
71 487
460 366
113 486
19 45
411 54
492 103
238 404
348 435
369 257
335 454
136 394
93 379
107 337
475 227
24 38
472 251
337 96
47 298
106 184
279 190
457 83
4 296
78 86
26 202
386 452
61 14
370 3
300 161
19 204
208 72
116 363
221 374
157 318
144 30
415 111
29 146
472 47
179 325
354 382
236 415
365 192
436 478
500
460 302
284 129
480 128
329 165
37 242
216 450
188 145
26 188
106 142
476 262
8 143
417 107
288 269
199 255
284 378
413 170
444 445
413 492
10 154
125 377
430 406
400 352
414 58
220 161
480 106
227 449
262 459
379 300
274 111
120 405
370 254
101 15
242 271
36 466
3 118
446 289
85 293
283 418
428 368
335 105
449 407
19 434
318 383
263 32
385 322
65 104
169 315
111 223
356 46
446 257
62 29
106 115
107 479
380 323
155 458
16 97
403 306
74 86
93 70
338 114
424 495
87 95
149 133
341 409
42 334
58 252
479 59
144 229
21 74
180 277
15 404
192 308
463 402
115 124
379 127
232 272
497 282
35 381
279 258
328 359
128 486
212 103
467 30
421 273
89 364
72 218
360 236
85 175
400 337
170 230
361 433
329 94
61 206
251 42
46 270
50 396
254 45
120 312
191 389
11 196
246 125
244 451
38 301
87 3
308 494
210 287
488 180
53 439
151 61
479 372
179 431
12 474
211 192
243 309
390 321
179 144
318 307
343 88
106 187
258 77
389 241
314 168
197 39
442 93
470 136
372 8
279 438
77 470
230 329
315 423
301 416
16 397
181 490
54 295
111 110
33 65
434 194
355 304
286 393
247 332
393 399
74 10
357 365
102 28
9 386
416 199
406 469
464 319
388 266
473 311
47 78
87 437
48 72
224 476
207 23
372 139
384 19
205 12
36 90
64 446
317 244
227 155
254 81
135 147
413 488
321 442
396 239
47 177
88 50
272 43
485 157
391 80
428 400
114 208
453 52
444 33
12 221
285 153
79 238
224 461
464 324
394 181
280 7
226 14
300 150
223 296
269 137
494 356
38 369
387 351
238 267
116 120
216 55
370 24
24 26
448 294
76 20
177 475
66 47
438 220
354 216
435 169
306 275
85 237
280 191
107 231
441 44
342 27
411 9
422 219
208 373
493 166
82 473
341 398
158 379
476 342
163 22
195 256
270 413
291 162
140 283
21 448
27 92
101 465
66 210
297 440
418 35
57 362
451 117
407 297
148 186
414 79
230 355
480 391
262 310
252 226
276 467
43 234
398 432
246 425
244 299
393 205
206 138
322 248
6 198
333 227
88 123
62 366
492 134
422 463
95 333
172 313
397 428
142 298
243 276
62 327
61 62
452 444
86 497
480 412
106 345
409 99
93 349
226 113
478 69
276 60
243 441
428 108
89 245
300 202
76 13
137 478
250 140
407 222
496 122
409 66
391 172
128 82
241 426
337 109
215 480
161 48
85 370
31 482
186 201
453 375
59 392
33 174
200 336
411 420
207 394
447 73
269 354
6 331
438 367
329 371
150 182
301 343
136 421
477 384
126 178
300 415
426 325
87 430
298 314
172 358
86 268
450 477
360 374
95 410
162 18
259 189
65 250
63 57
141 419
115 403
7 489
97 41
375 263
283 456
93 176
23 243
182 443
89 83
406 214
144 380
397 212
208 4
15 119
399 457
261 249
50 49
62 260
292 53
350 25
445 493
460 328
174 436
198 21
474 472
102 40
126 464
350 341
43 179
166 353
165 376
361 76
394 183
296 363
206 290
3 67
16 85
273 167
288 350
391 265
263 485
124 116
371 259
441 51
436 447
311 500
478 491
354 132
341 197
418 340
441 274
311 224
310 89
399 414
368 232
326 318
386 2
396 401
11 163
334 317
361 101
394 141
224 452
307 164
75 96
75 240
463 36
305 63
495 335
13 339
434 146
469 264
276 422
369 408
267 16
439 87
278 247
193 316
324 285
13 1
11 395
441 385
334 6
294 91
148 185
155 207
421 54
108 195
417 347
471 215
143 204
385 159
294 130
480 453
499 5
99 11
67 184
364 149
51 246
221 462
20 427
23 228
482 291
395 126
308 213
449 468
159 460
492 280
91 253
316 487
140 454
248 286
197 251
175 160
259 330
455 338
191 217
169 320
282 261
296 193
315 411
8 496
141 84
362 326
144 344
101 284
45 190
327 417
450 151
317 346
413 209
431 34
390 435
183 235
377 455
367 56
358 17
55 200
226 471
485 483
488 148
406 484
495 131
209 288
164 361
343 387
241 100
122 233
296 382
344 481
469 31
355 357
470 156
17 37
38 171
33 498
236 71
237 203
155 98
442 499
478 225
348 360
432 38
252 424
364 121
172 388
249 303
42 173
170 292
400 152
292 279
468 158
28 429
327 68
408 64
24 305
371 281
165 112
107 102
192 278
459 348
405 75
499 211
486 135
