25
9
3 4
6 2
2 8
1 6
6 3
2 7
9 5
5 1
7
6 7
3 5
2 6
5 2
3 1
4 3
7
1 3
7 1
4 7
5 4
2 5
6 2
7
3 2
3 1
6 5
7 4
3 7
5 3
2
2 1
10
6 8
9 10
5 3
8 4
10 6
9 2
6 1
4 5
7 9
10
1 2
4 8
2 6
3 4
8 7
6 3
10 1
10 9
10 5
10
6 2
5 6
7 3
4 1
6 10
2 4
1 7
9 8
8 5
10
10 7
5 3
2 9
7 5
4 6
3 1
4 8
8 2
8 10
10
1 6
4 9
6 7
2 1
2 5
1 3
1 8
5 10
9 2
444
199 193
217 305
430 342
107 100
263 426
329 92
2 358
107 311
189 188
252 34
14 3
160 432
74 171
165 128
236 300
87 283
393 156
262 346
17 18
238 372
44 314
256 83
92 116
83 45
245 324
267 75
86 414
48 160
258 428
223 266
389 307
185 41
370 141
352 114
193 214
304 259
157 96
379 145
76 303
246 202
198 191
312 405
202 168
96 173
275 363
155 320
313 236
360 97
169 298
96 19
247 423
54 221
324 70
378 73
426 71
10 167
181 161
165 289
80 398
304 371
312 95
270 127
394 206
93 244
141 306
308 256
127 17
137 410
97 217
428 331
6 53
140 14
270 273
13 187
106 24
357 297
109 403
125 365
304 316
328 44
344 152
210 401
96 249
51 252
38 59
34 275
421 215
239 139
38 35
34 6
65 362
247 370
396 52
386 313
36 192
88 408
54 444
184 382
223 233
156 421
439 437
111 413
9 149
33 7
181 185
66 27
423 269
409 134
6 429
315 30
217 124
132 66
437 350
242 364
336 288
385 37
256 294
227 230
304 295
422 84
78 333
121 422
422 325
353 247
21 397
38 57
352 430
369 293
399 389
324 274
251 33
162 352
302 102
275 378
107 356
303 69
293 223
145 131
390 198
262 79
259 155
318 376
69 287
33 441
23 224
226 138
265 335
4 310
96 11
241 347
34 355
371 315
225 341
253 111
272 123
394 321
75 304
55 76
208 201
206 380
342 329
52 20
320 391
3 440
151 181
207 286
368 272
307 94
67 296
399 435
299 8
375 373
207 176
95 28
370 175
5 140
28 284
49 302
102 338
83 393
112 56
338 332
431 98
20 367
378 424
304 42
415 135
323 368
181 174
369 121
136 103
118 47
284 107
336 427
69 125
55 220
101 334
254 407
237 418
6 189
166 153
390 261
42 385
210 60
220 194
39 399
380 268
436 203
364 146
68 253
68 438
398 43
411 340
75 119
355 93
108 336
377 72
111 231
271 258
62 150
104 91
100 65
180 354
162 58
359 326
22 31
411 416
310 395
281 243
320 21
59 276
409 234
263 5
315 126
80 383
48 68
429 386
224 122
11 271
439 442
51 361
287 178
303 377
267 183
385 238
38 90
334 374
10 22
233 322
349 78
174 388
267 169
47 205
312 257
121 110
418 344
117 431
367 278
80 117
358 375
214 89
153 409
444 4
159 404
15 291
252 49
360 80
185 357
172 366
112 195
92 23
406 212
130 10
358 158
275 209
205 197
186 280
109 225
98 162
423 309
141 63
148 387
391 216
336 51
267 285
344 317
149 439
71 402
96 381
227 348
435 151
311 136
444 109
240 232
225 262
372 165
43 62
228 46
388 277
180 443
214 26
230 330
74 263
54 222
146 9
284 2
39 328
204 177
198 436
182 154
127 200
16 384
433 337
3 104
25 349
92 164
167 1
273 390
318 359
315 101
361 186
96 318
207 39
444 143
359 180
12 425
178 411
306 50
334 105
25 132
378 229
202 339
328 115
262 250
397 129
371 106
434 279
88 108
184 118
412 270
413 290
144 301
372 264
221 179
54 255
366 81
368 312
175 415
75 38
406 412
300 299
109 159
90 163
121 40
22 48
265 196
246 282
60 87
293 99
127 242
208 394
418 64
73 420
47 29
17 360
50 12
132 308
4 182
185 210
357 406
53 211
253 240
18 260
9 184
316 207
109 142
323 245
433 227
262 67
219 353
206 292
263 86
364 213
41 417
106 319
196 55
278 199
410 147
85 392
406 16
128 226
222 77
393 166
114 144
375 343
151 204
253 433
50 281
258 32
99 351
227 120
390 36
360 323
319 148
69 74
344 170
353 265
430 254
332 13
177 241
442 396
392 190
410 85
137 267
27 251
279 130
277 400
47 228
1 369
168 82
390 112
408 172
316 25
399 419
300 345
344 113
257 54
4 246
189 235
418 157
213 88
55 15
368 61
348 237
371 379
267 219
246 239
283 248
59 434
122 218
397 327
396 208
287 133
56
43 3
31 10
3 19
25 24
19 39
4 27
44 31
27 51
33 17
23 36
4 11
8 18
50 25
27 37
8 21
8 42
50 35
20 1
21 15
20 49
41 50
54 33
41 45
14 26
14 22
30 47
26 46
1 30
46 41
56 2
41 23
4 20
1 14
55 12
53 44
11 54
51 43
9 56
27 29
7 40
31 48
27 5
28 13
11 52
9 55
35 8
56 32
37 16
36 9
41 53
34 38
24 7
53 34
33 28
6 4
297
250 227
115 241
138 187
116 223
35 80
14 104
290 185
205 9
240 174
188 108
106 27
54 231
288 23
288 114
237 87
34 77
159 40
278 75
263 92
80 257
275 42
135 165
242 259
170 219
187 100
101 144
86 176
211 117
295 99
229 249
166 182
106 90
125 67
42 213
291 203
25 171
161 106
212 234
185 167
25 251
3 224
212 63
147 126
143 107
102 21
96 158
208 139
30 97
82 252
68 146
3 76
128 157
96 207
42 135
96 78
14 62
61 140
145 261
212 69
260 296
225 134
27 65
169 36
199 278
151 133
155 45
129 7
140 122
258 15
63 221
203 218
176 159
242 258
24 277
124 266
178 186
108 226
294 209
270 68
253 153
228 194
152 116
155 17
167 253
84 295
231 208
173 150
30 271
224 172
223 169
207 262
279 204
148 198
58 38
222 16
162 86
235 96
164 129
205 74
74 235
209 121
76 160
71 201
33 71
284 61
151 125
87 193
227 46
272 197
51 290
255 2
163 280
89 279
53 228
204 247
259 64
8 164
55 260
140 50
78 183
257 29
21 225
83 47
72 211
25 98
253 34
253 238
264 293
90 263
222 152
178 26
254 212
178 205
295 115
177 54
269 268
116 284
289 4
172 269
248 8
281 118
41 141
258 216
13 175
129 82
16 111
167 101
140 52
187 70
182 190
53 245
188 256
283 53
31 282
106 166
211 275
243 14
258 162
174 170
182 288
151 20
19 18
175 11
220 12
39 110
145 59
45 273
33 148
230 206
226 272
1 291
14 25
49 248
128 285
182 32
56 131
153 287
151 103
127 124
25 128
244 145
5 37
281 168
215 120
252 19
9 119
53 237
91 215
243 239
275 192
215 236
4 250
145 161
101 88
243 94
100 294
19 233
229 289
50 49
296 24
129 214
66 154
95 270
44 48
250 85
15 274
221 242
150 191
95 292
29 156
179 297
119 202
252 181
187 163
29 230
139 66
138 60
252 180
145 44
94 151
192 93
240 220
248 57
111 178
274 147
24 109
38 41
245 112
96 89
286 184
114 30
156 143
88 72
195 229
284 56
209 95
276 243
60 265
150 5
211 283
201 276
103 39
147 138
23 43
272 132
115 195
275 1
201 264
185 33
297 84
24 179
55 28
233 217
224 55
164 113
35 210
166 83
49 199
141 102
95 13
243 22
111 73
171 35
270 196
87 155
48 188
229 51
69 173
152 3
257 81
177 79
153 240
218 281
107 254
257 232
182 200
92 31
236 58
248 127
97 137
80 130
175 142
276 267
183 6
73 177
10 123
129 286
18 10
296 244
69 255
21 246
236 222
133 136
257 189
149 91
170 105
449
141 349
58 335
161 19
309 78
4 210
424 217
319 356
28 320
406 35
231 93
238 123
423 399
146 253
71 430
182 290
143 358
372 214
125 216
329 59
339 237
226 293
88 160
181 117
24 62
391 8
103 136
166 6
223 190
191 306
66 368
441 304
173 231
287 429
422 258
181 385
112 382
339 305
384 23
212 391
372 27
447 164
248 46
447 17
124 243
233 10
390 363
117 336
137 56
27 126
202 317
283 275
131 135
221 357
348 424
273 197
320 257
382 291
318 130
373 97
69 189
444 20
338 51
365 198
312 438
115 366
385 310
277 241
276 58
430 345
53 394
40 329
338 162
226 412
290 34
296 169
88 296
261 415
51 359
53 113
260 148
193 125
355 163
38 255
154 181
146 150
213 61
185 116
129 77
383 102
187 66
295 316
99 179
412 194
124 69
215 172
369 139
211 100
62 352
283 149
183 369
181 347
211 30
442 47
212 165
164 200
239 242
339 114
208 18
57 232
366 246
312 264
12 389
238 346
299 339
57 170
46 405
80 341
435 314
221 444
390 177
120 89
244 88
272 79
358 326
72 24
247 112
228 33
115 331
52 266
324 38
271 442
431 332
125 141
90 383
226 213
15 219
62 274
430 16
421 185
81 315
405 287
58 120
380 436
226 72
318 268
194 37
432 273
433 176
334 143
47 222
223 251
74 410
228 277
363 395
389 269
114 284
94 439
434 73
27 94
16 22
70 427
93 396
175 259
60 154
380 183
321 371
325 338
55 54
138 364
417 115
300 53
85 408
428 402
379 413
24 96
279 91
23 220
409 373
33 92
414 448
205 182
346 276
245 294
421 393
272 44
176 340
377 262
220 95
53 289
23 84
401 249
307 4
361 55
393 204
194 377
416 362
107 387
92 337
303 323
204 240
262 201
197 76
171 28
436 103
139 1
339 81
176 166
338 372
292 272
398 321
310 330
185 39
56 41
345 155
326 435
144 378
204 342
231 212
256 384
402 211
64 309
159 228
129 324
377 161
287 26
105 52
297 109
121 414
216 235
267 252
426 202
332 174
429 203
333 215
388 365
408 132
206 74
246 57
35 138
447 302
441 60
33 374
294 106
126 254
33 90
4 295
251 86
416 153
198 87
82 300
261 32
133 188
259 386
256 40
206 245
230 137
48 234
282 297
409 80
156 14
269 124
125 360
255 423
230 286
363 353
350 307
167 83
294 110
203 303
107 187
295 298
316 108
253 265
345 208
201 195
5 283
173 261
49 9
244 65
133 333
248 75
38 167
374 260
96 119
408 250
109 443
1 104
48 63
126 449
332 221
255 370
380 45
152 168
408 144
364 239
151 437
128 99
56 133
433 417
229 175
55 403
330 186
438 351
170 11
392 68
179 15
124 318
331 129
109 354
265 381
303 285
103 207
354 404
55 50
406 279
266 36
24 308
177 223
101 411
166 350
89 67
88 224
134 3
102 43
251 2
53 85
364 263
94 173
303 107
292 311
397 134
174 418
88 325
125 49
379 98
24 233
105 348
295 425
79 142
403 392
376 282
351 292
130 105
308 379
175 388
438 184
158 42
193 159
300 288
210 196
104 256
341 247
9 313
21 7
111 156
153 334
376 21
350 416
146 312
167 236
121 375
356 206
123 355
149 118
28 64
294 157
14 421
403 122
406 280
95 218
274 244
229 209
103 344
397 426
113 205
84 145
1 5
4 180
133 376
283 428
162 361
427 433
350 420
354 140
92 25
250 447
360 419
255 299
361 151
118 111
228 226
389 406
196 199
339 29
376 191
75 432
252 229
97 127
122 71
293 422
433 131
415 128
187 171
196 401
282 227
289 48
307 147
164 409
334 193
364 192
147 225
314 301
32 278
316 407
179 431
448 12
108 270
176 178
242 441
66 158
137 13
396 146
295 397
407 446
360 322
256 319
18 271
69 398
262 230
412 434
178 440
131 152
364 327
312 121
258 367
386 248
17 70
99 380
175 101
393 445
60 238
443 400
435 390
160 267
81 343
1 328
31 82
352 281
143
60 70
28 143
72 80
88 66
119 59
8 84
25 83
63 121
51 45
43 13
6 8
64 42
26 3
140 114
41 82
71 81
117 107
121 19
93 62
77 2
8 115
71 127
71 132
5 37
135 22
97 67
56 49
116 14
56 71
20 88
61 34
133 111
12 55
95 85
58 75
34 69
121 30
39 133
115 72
93 9
99 73
118 138
85 53
42 140
60 63
19 126
134 44
31 58
99 110
122 1
73 136
130 101
102 26
132 97
46 32
118 15
79 102
6 76
63 51
2 6
127 117
64 92
131 116
60 40
70 118
79 128
95 5
4 129
135 108
55 86
140 16
56 125
86 57
44 104
23 135
124 100
123 43
94 119
54 89
72 24
33 68
107 96
33 122
128 21
119 95
5 78
82 64
93 91
20 54
56 48
135 79
95 77
39 41
49 28
98 47
35 17
87 65
39 134
9 38
72 10
96 139
95 74
64 137
103 29
30 141
67 36
38 33
7 113
85 60
46 98
77 99
101 103
85 131
111 18
74 90
60 31
39 35
140 106
65 61
118 23
94 112
20 50
88 4
41 124
15 87
133 56
26 27
83 130
10 39
58 120
115 7
16 12
29 93
137 25
73 20
74 105
81 109
12 123
27 11
83 46
51 142
52 94
500
476 77
382 106
470 123
48 51
25 267
417 335
278 474
277 66
353 443
433 64
313 70
55 150
89 91
288 266
103 60
306 358
439 138
420 305
459 236
428 75
451 480
394 215
316 395
244 435
91 486
123 186
28 247
186 339
353 157
33 78
256 68
222 320
261 97
464 8
421 473
418 371
471 59
215 261
456 356
494 194
226 160
288 88
9 451
254 342
209 258
489 141
213 263
323 285
64 381
213 92
24 441
48 76
406 307
153 222
434 294
1 392
41 466
378 86
181 153
244 394
327 193
185 169
204 273
158 73
372 402
111 183
373 239
159 244
80 488
86 314
303 1
175 129
308 311
216 416
252 397
425 200
427 390
212 499
68 336
443 465
122 482
293 288
124 427
436 328
143 407
63 354
448 155
140 176
346 412
4 105
282 382
63 341
484 166
239 54
108 131
72 439
151 471
132 225
486 19
447 11
210 393
169 323
189 191
442 321
104 313
433 217
78 231
403 326
147 417
239 146
413 72
499 111
283 207
215 334
16 98
401 380
478 444
112 346
445 116
79 189
408 43
52 202
313 287
95 456
78 445
26 38
86 351
12 159
469 455
185 372
139 61
382 152
90 113
275 47
386 210
484 378
252 355
193 121
456 366
215 303
294 164
201 99
29 302
180 124
245 252
60 63
42 181
459 430
381 256
478 498
250 37
245 306
131 438
113 413
407 290
116 280
452 492
282 219
348 179
470 489
500 369
34 56
168 414
336 449
72 264
411 245
431 282
402 436
290 318
247 209
45 226
332 71
273 114
23 180
112 220
64 308
265 249
267 145
356 163
288 9
18 348
50 235
129 241
236 57
296 396
89 349
401 411
254 149
406 429
74 17
74 108
433 227
292 385
117 142
8 24
465 185
242 192
112 34
220 104
269 232
399 284
465 487
256 494
492 477
135 253
250 289
100 118
223 205
175 22
302 87
404 35
74 467
232 316
138 271
345 82
195 177
500 404
148 125
437 327
365 156
253 361
497 459
138 310
222 23
500 242
372 373
42 203
343 476
410 274
192 300
343 497
218 112
243 44
288 437
317 462
50 175
183 101
395 472
272 365
438 277
252 301
268 53
319 386
387 458
55 58
99 272
131 190
228 208
464 103
200 126
410 312
183 353
99 158
451 95
191 250
21 384
233 96
29 463
13 432
247 119
308 324
429 50
66 234
222 304
30 2
2 110
360 295
30 359
301 162
474 340
389 317
58 406
164 338
285 147
262 415
395 7
209 275
260 27
267 122
107 255
79 148
426 322
268 221
31 25
333 240
147 198
344 409
56 93
482 178
150 403
56 102
259 139
9 464
248 49
130 12
195 453
247 130
118 434
277 32
156 440
110 199
146 233
123 168
316 45
72 115
263 89
61 330
364 143
56 496
415 196
386 265
409 495
437 389
295 319
140 26
260 367
2 46
85 475
485 83
456 279
152 470
404 457
130 270
373 376
30 332
374 478
8 135
274 69
93 140
296 447
126 345
379 42
317 262
76 85
388 362
429 52
471 398
186 383
135 204
151 291
270 238
6 481
489 491
308 15
15 197
174 90
324 500
428 206
370 195
406 81
404 67
251 364
260 388
251 161
153 10
237 410
380 212
4 230
175 424
338 260
38 485
176 278
359 48
245 65
230 172
180 286
423 405
321 136
238 154
454 216
136 344
8 41
462 214
92 426
208 167
185 357
30 117
315 165
472 468
186 379
354 188
68 347
345 30
357 213
104 3
472 248
452 469
332 446
371 246
231 120
352 428
483 257
478 493
167 431
162 109
440 454
338 107
23 173
114 276
104 450
377 368
475 309
161 134
400 283
10 243
462 100
376 16
336 418
185 400
346 174
105 36
158 84
19 228
480 422
390 490
32 448
381 182
177 144
79 218
372 28
178 423
98 333
377 299
216 296
205 421
290 325
240 297
33 40
213 374
104 254
132 211
120 237
337 223
374 94
323 433
412 408
360 201
268 31
61 343
344 4
95 184
417 171
408 127
110 133
380 350
214 13
342 224
130 363
212 39
33 293
494 360
395 375
105 29
83 268
439 442
142 20
467 79
52 460
270 352
55 329
46 6
309 370
105 170
216 251
388 425
73 399
7 132
218 298
331 62
237 391
205 292
322 259
476 33
300 377
468 21
18 229
66 337
204 74
195 331
291 5
348 387
50 479
133 14
347 128
235 187
237 269
114 420
486 461
442 281
294 315
438 484
431 483
454 55
191 80
296 419
30 151
89 452
164 137
3 18
500
388 436
457 153
130 435
5 109
424 205
15 289
452 427
351 328
322 152
343 128
206 209
239 165
371 8
75 56
35 305
463 172
461 455
63 6
402 97
256 357
364 59
42 404
339 431
290 486
23 391
414 365
300 399
188 447
299 358
431 213
299 28
285 488
233 227
296 95
397 5
354 243
254 335
274 93
355 251
340 311
354 238
224 82
243 220
217 199
46 7
273 252
70 110
427 278
402 244
83 34
328 299
121 15
146 483
192 355
112 69
24 17
309 421
249 326
94 342
464 415
175 461
360 284
463 157
365 294
135 226
64 137
406 19
437 37
215 381
381 44
182 145
100 67
121 210
29 368
239 364
288 466
320 360
367 402
62 168
185 453
200 246
375 472
437 22
499 198
355 416
375 237
241 255
185 177
10 327
419 254
189 396
75 262
194 64
225 151
274 392
210 409
166 343
210 208
290 292
395 314
111 366
298 77
306 347
277 407
413 236
231 72
214 57
183 256
452 312
221 150
500 275
27 32
50 156
104 120
61 304
489 9
56 325
1 25
89 75
402 207
430 482
223 450
45 401
479 192
133 87
315 470
360 122
6 221
403 54
66 373
13 353
87 185
474 47
466 336
275 340
357 359
349 240
294 499
427 380
213 405
400 385
317 76
390 203
159 61
280 250
122 318
428 127
279 337
216 53
87 285
194 196
27 406
129 369
441 175
50 40
492 147
218 112
87 139
54 413
68 363
376 189
399 475
452 393
453 204
321 224
480 306
252 371
44 154
332 131
337 91
60 101
404 417
35 302
254 257
476 100
281 70
269 276
169 344
238 367
451 191
330 179
34 319
107 394
308 485
337 49
115 410
75 164
192 408
210 387
479 138
13 108
42 462
90 121
400 180
136 494
296 437
329 187
86 228
396 197
354 217
193 296
285 79
100 89
81 144
320 330
252 430
500 370
159 206
289 434
307 493
96 300
37 352
196 348
491 247
381 297
131 176
61 68
252 313
342 39
257 81
62 272
57 332
283 496
374 424
138 378
344 273
474 142
183 295
176 384
486 78
476 457
277 377
52 223
317 11
111 74
340 388
62 27
319 286
425 459
26 123
186 281
163 249
100 218
28 115
10 331
463 134
450 106
470 293
178 288
470 86
65 234
467 186
486 498
309 170
347 270
100 85
39 211
224 229
479 10
430 448
155 125
9 166
499 194
120 83
362 484
394 473
289 469
296 14
424 315
232 161
49 445
416 162
192 65
78 372
19 490
8 269
324 63
398 433
310 36
55 307
322 159
361 104
419 324
359 345
247 487
213 389
92 338
500 426
424 18
321 62
251 60
319 231
143 38
459 90
315 259
494 88
386 267
207 178
271 452
286 346
113 103
5 215
342 460
178 349
491 174
244 395
356 474
437 219
189 46
285 443
159 422
275 280
96 446
384 382
237 351
283 42
239 268
330 12
278 444
471 58
267 24
112 309
289 481
193 102
478 376
241 146
355 222
311 258
139 476
464 129
200 317
245 379
339 277
219 451
418 16
36 111
170 188
220 190
484 2
112 66
258 418
37 329
24 425
111 132
108 291
111 464
211 169
353 423
51 29
347 96
319 390
353 361
333 73
301 265
93 119
484 202
170 126
115 492
21 35
8 235
384 261
235 136
76 283
236 429
109 84
323 41
131 92
400 320
225 201
208 193
150 321
50 339
153 440
277 80
382 480
319 439
34 20
457 3
179 130
187 356
317 397
458 362
171 55
405 458
396 495
111 98
80 23
70 420
435 467
405 428
95 158
122 308
136 419
252 200
223 94
395 248
35 414
79 171
386 241
300 465
194 303
290 149
434 163
360 31
137 354
123 1
313 133
340 333
346 322
456 33
405 43
101 264
424 442
469 477
284 375
317 4
37 230
405 287
213 279
232 52
186 114
7 140
217 26
389 113
302 301
458 500
115 232
268 13
351 441
208 438
261 491
54 141
171 449
356 71
249 214
67 117
58 411
358 167
274 263
265 116
42 454
7 160
33 183
366 253
132 334
17 403
151 398
92 316
71 298
235 135
399 107
499 290
461 489
298 497
366 21
352 310
190 471
294 239
3 478
26 456
66 341
349 242
177 233
495 386
253 479
219 45
408 155
366 143
244 260
7 271
290 350
120 274
135 51
37 245
454 383
181 195
387 282
354 266
411 323
378 216
159 99
8 212
436 30
402 412
418 184
434 105
445 400
311 432
377 463
488 173
118 50
77 124
22 225
500 48
141 468
329 181
92 148
424 118
187 182
500
361 136
229 331
300 133
230 403
294 420
56 401
441 11
174 166
276 359
149 299
7 368
79 3
87 448
108 289
243 113
203 350
340 147
332 398
372 267
2 132
190 5
123 404
321 2
64 492
287 161
77 127
217 406
246 152
435 203
363 259
433 89
309 333
447 228
477 363
66 298
490 255
275 308
127 102
199 264
496 58
94 275
398 14
392 405
207 327
307 305
165 266
187 4
220 241
456 261
456 15
82 432
291 391
198 185
265 93
450 245
391 444
6 175
355 430
199 77
166 313
270 309
436 272
379 326
251 249
231 53
496 128
86 425
163 191
254 215
243 171
395 43
480 174
410 60
228 120
469 257
263 6
335 160
390 227
30 231
25 236
156 389
424 142
413 279
104 61
298 486
263 88
176 496
103 178
24 16
314 116
300 376
458 18
98 8
464 477
426 357
14 353
48 94
404 169
404 443
165 210
54 85
489 462
483 459
475 361
406 301
364 35
314 248
77 349
141 91
310 199
362 54
353 115
92 98
360 375
249 346
483 484
421 9
196 390
432 71
48 168
446 362
460 26
212 396
122 224
385 110
200 107
394 12
429 291
131 243
304 366
48 457
411 360
248 13
467 277
386 17
136 219
416 193
44 25
280 428
236 37
160 247
356 7
405 216
30 64
12 461
445 323
279 372
204 117
311 445
8 235
326 303
144 306
19 67
246 157
132 46
108 427
415 358
473 474
376 39
484 32
134 469
426 304
332 296
479 286
122 124
494 453
474 240
421 290
455 431
9 59
123 226
238 242
10 28
96 385
265 131
343 72
499 23
158 176
264 197
28 434
438 57
349 195
465 316
452 473
44 170
193 188
458 187
330 482
291 239
59 364
296 251
386 270
454 480
50 222
228 106
278 384
277 497
217 500
216 209
411 149
270 347
168 335
345 42
279 377
341 254
22 280
163 126
153 205
498 52
458 352
479 137
459 34
57 454
434 250
379 194
255 407
111 378
127 45
244 491
404 182
283 424
359 436
354 164
401 181
219 186
274 139
321 446
101 394
282 302
33 343
374 450
49 441
368 392
139 321
301 468
316 145
195 246
236 36
101 263
459 311
296 252
187 262
104 121
133 200
185 101
405 84
334 471
382 283
451 162
115 97
400 253
65 437
315 76
261 112
378 207
410 402
43 498
187 196
118 268
109 156
299 206
208 295
45 393
130 479
103 322
338 230
484 382
142 288
34 75
53 278
33 159
365 19
206 417
2 109
5 421
153 293
3 73
26 312
224 449
20 276
487 410
279 370
145 213
358 274
138 411
190 388
455 282
11 179
70 416
407 369
496 285
355 415
340 426
384 150
142 489
34 74
421 387
252 99
148 192
423 47
416 386
243 165
406 307
203 337
217 354
440 273
383 138
22 287
53 20
378 21
426 154
11 183
171 143
480 435
183 125
83 284
182 41
348 365
227 374
398 314
188 190
275 238
354 265
242 204
81 464
80 214
200 31
405 256
385 414
446 244
91 258
397 56
482 129
43 409
261 201
229 345
139 494
265 320
138 499
386 158
217 438
176 356
393 63
33 68
159 144
442 234
63 69
326 315
4 488
57 487
494 281
402 87
32 355
179 177
20 81
40 338
185 463
238 367
464 483
477 153
233 318
253 130
294 123
201 330
462 24
376 90
47 466
490 108
335 105
393 122
422 225
335 237
419 220
432 433
260 65
461 412
358 485
374 83
166 456
213 180
65 208
42 212
340 413
263 383
205 1
261 114
209 118
353 217
412 202
125 27
219 460
68 339
476 300
392 173
39 334
24 198
103 470
205 472
492 442
115 380
161 167
290 458
81 49
306 467
24 80
124 478
332 104
430 451
13 329
429 48
65 66
242 325
492 395
67 423
167 481
224 78
159 493
261 399
151 439
118 223
131 419
192 340
124 55
386 30
321 22
255 146
373 294
492 260
60 92
469 324
363 50
201 70
210 310
4 29
249 429
254 332
142 44
397 351
30 189
391 447
235 95
134 297
237 40
169 119
238 319
80 148
48 111
378 10
248 342
391 100
441 475
479 317
180 103
52 490
365 218
147 33
71 163
420 476
200 221
460 328
239 211
293 418
134 172
219 292
353 344
425 455
147 229
267 440
485 465
471 134
29 62
321 336
475 96
319 422
490 79
183 371
250 495
228 408
182 151
8 373
196 82
363 38
396 86
264 400
213 271
177 269
318 341
382 232
71 135
56 233
19 397
60 51
240 348
36 381
22 140
208 184
76 452
91 379
392 155
500
421 430
291 420
444 489
395 73
466 319
349 415
74 315
332 484
42 439
1 126
427 363
235 28
495 45
498 460
93 88
478 140
62 446
365 322
263 46
214 329
227 482
200 463
66 162
131 370
369 325
242 360
420 71
262 22
276 225
325 236
419 194
293 146
364 4
428 19
373 1
130 304
66 50
308 369
494 215
153 121
205 336
473 425
290 252
172 451
224 410
121 233
298 453
409 51
324 218
97 443
421 239
297 210
240 184
114 309
186 382
42 287
251 227
351 478
414 299
249 312
239 40
459 498
434 251
187 136
429 111
350 100
393 381
43 145
493 341
2 86
361 18
44 6
208 143
59 176
471 324
33 428
224 499
110 386
120 113
14 328
214 285
318 462
157 253
67 134
263 340
235 401
368 321
13 431
337 153
433 374
175 208
396 242
89 14
62 87
154 371
318 375
335 66
289 485
230 384
290 205
405 105
412 276
269 405
144 107
452 137
391 302
312 432
49 222
159 16
218 271
54 30
469 377
209 130
413 240
496 258
115 216
294 492
359 330
176 69
201 454
263 152
120 351
68 365
86 170
353 23
111 196
87 457
214 41
421 338
135 411
402 115
21 2
425 114
424 36
194 81
202 193
286 159
483 294
231 13
399 289
303 445
498 198
100 407
374 141
256 332
237 364
432 272
63 191
456 264
9 220
95 21
356 248
153 348
202 323
386 247
46 110
83 383
418 308
386 154
350 77
312 228
51 29
327 214
109 412
244 122
446 361
470 292
148 12
175 261
118 448
210 84
432 175
56 68
142 491
314 316
384 35
372 166
111 59
73 350
226 286
381 52
500 202
473 418
322 334
200 433
52 290
186 353
352 435
249 486
230 72
1 127
414 109
88 48
124 192
132 149
187 70
26 78
425 326
431 181
218 223
345 497
245 466
400 129
433 488
477 368
362 262
290 151
191 273
32 318
16 257
63 490
322 200
148 414
438 331
144 147
299 473
2 39
351 274
433 269
461 3
95 265
68 300
346 96
91 178
241 128
350 238
301 349
44 480
455 164
165 426
96 413
23 311
362 438
268 79
335 406
452 58
433 388
342 15
103 204
1 367
482 301
495 297
433 280
130 144
427 284
78 305
366 483
86 476
366 400
132 179
389 235
246 461
304 89
117 80
137 142
375 260
130 444
425 118
473 279
221 55
22 241
350 120
108 207
260 347
198 219
331 436
206 496
472 101
310 165
489 133
8 362
205 139
155 317
308 245
385 232
134 64
159 452
280 156
176 203
494 56
303 270
175 27
323 116
428 8
308 173
437 283
129 409
1 91
21 343
213 493
220 26
240 437
466 209
460 206
479 44
323 212
287 7
279 138
261 244
145 422
353 372
474 57
382 267
143 231
451 455
367 464
222 458
353 392
171 17
149 186
394 83
96 449
419 230
129 82
290 243
337 474
292 427
181 376
483 314
431 408
26 226
43 327
253 255
294 94
496 217
128 234
288 104
98 263
306 63
169 421
223 345
334 487
80 102
418 98
293 249
78 161
384 168
442 288
79 119
241 190
185 394
383 404
38 169
180 387
192 390
43 180
287 92
373 32
207 5
237 469
443 378
50 135
208 254
106 67
229 10
393 468
359 160
338 313
377 275
184 125
328 103
113 237
242 65
104 25
235 391
214 189
319 250
303 293
141 277
451 395
165 467
442 344
499 124
221 90
350 163
210 440
409 358
4 398
496 62
44 97
453 356
186 495
430 61
302 172
172 246
195 256
314 60
334 465
45 339
60 199
416 187
483 37
338 42
17 494
191 296
108 389
433 423
381 419
1 155
282 167
499 108
371 470
219 171
239 49
200 373
212 333
488 224
407 346
53 266
78 320
489 380
354 282
444 442
465 174
7 472
129 403
34 479
272 475
344 447
107 268
176 188
108 213
186 54
481 393
2 337
343 158
426 34
235 31
437 307
401 74
90 397
471 195
329 148
76 177
128 456
361 424
458 450
56 33
106 75
94 93
48 11
421 399
44 123
172 335
255 9
434 342
362 76
80 471
118 396
5 150
47 183
73 53
488 303
252 221
68 47
286 131
451 20
17 402
158 429
179 481
308 459
476 291
334 211
242 477
194 229
244 298
29 112
296 95
322 38
189 295
27 85
116 310
265 355
119 441
117 416
225 201
323 417
314 434
484 43
442 500
230 354
343 366
334 357
187 259
457 379
156 306
55 197
218 182
151 24
3 352
435 281
437 385
194 106
305 185
423 132
101 157
99 117
63 359
278 99
500
115 31
363 50
360 191
453 199
408 375
120 368
427 75
248 30
212 239
259 133
495 178
309 344
422 25
496 167
33 459
92 407
242 380
497 52
132 41
206 359
303 484
267 172
300 391
439 489
256 17
270 367
433 470
91 90
192 58
330 115
84 392
295 66
14 447
58 251
213 387
182 28
83 261
161 164
305 285
221 120
271 500
53 311
200 450
362 449
432 286
226 248
153 8
391 323
54 77
423 259
354 444
196 86
347 398
398 302
261 289
158 97
278 364
498 63
493 61
278 103
343 304
6 481
100 322
436 74
124 127
305 461
189 266
213 44
458 281
487 153
235 427
454 99
335 2
433 56
124 145
340 13
467 152
282 253
466 478
192 174
333 490
137 290
256 371
300 229
240 68
63 154
226 29
420 242
358 264
381 475
168 428
457 446
26 216
308 316
29 333
294 376
195 142
469 203
227 416
404 57
327 177
383 249
473 409
69 487
443 400
334 20
10 498
154 435
229 366
235 180
5 33
498 255
88 71
307 232
24 337
195 334
265 196
262 94
196 60
353 279
347 226
146 346
237 73
62 54
136 278
56 42
357 257
1 306
34 358
131 408
85 349
319 414
385 270
279 305
139 23
213 160
65 497
137 466
183 80
109 183
78 200
256 69
66 434
392 423
239 225
261 48
169 4
327 254
442 300
239 114
106 89
393 495
127 111
63 27
242 386
124 144
465 412
12 437
479 317
226 222
116 299
131 130
214 441
154 175
267 16
10 277
431 499
446 67
55 419
149 476
191 340
63 298
241 318
233 463
232 379
450 87
267 219
322 397
129 291
228 455
280 282
403 262
402 399
392 181
334 184
202 448
420 494
253 101
260 356
438 37
60 78
259 263
10 456
292 297
318 62
426 218
489 301
441 24
251 159
319 43
67 342
38 420
210 309
106 134
314 65
166 252
251 389
366 233
434 384
285 137
253 231
347 328
105 418
59 439
426 188
140 85
485 246
358 319
320 406
146 256
380 390
403 39
140 268
427 471
417 192
179 260
477 469
395 162
134 221
481 168
9 36
467 269
51 482
271 113
322 357
456 374
278 92
102 338
246 421
254 18
385 70
457 363
102 275
300 354
274 91
194 485
458 240
73 388
457 230
132 119
279 283
360 81
153 377
355 210
442 9
130 479
143 236
485 166
190 141
286 163
64 284
94 443
497 189
407 125
228 295
275 176
422 330
412 215
52 19
488 352
87 161
423 273
138 128
459 3
409 165
348 265
288 72
410 238
25 280
477 26
36 93
2 436
271 146
390 296
175 405
317 365
144 294
289 49
457 287
429 258
136 112
221 472
81 293
314 415
381 40
127 241
422 314
264 308
30 224
148 149
498 195
66 96
295 310
222 217
289 383
486 47
107 417
37 355
105 123
416 430
82 267
394 10
375 402
358 243
42 486
288 432
231 326
284 422
315 425
212 76
53 491
497 288
220 373
450 353
253 121
116 46
191 88
199 179
463 315
476 21
337 426
215 483
157 209
320 105
470 108
183 79
260 360
19 193
66 457
156 451
262 148
350 272
244 245
138 467
99 201
337 369
180 118
406 313
15 116
132 493
399 381
319 155
340 11
310 480
8 347
62 147
465 55
223 6
42 348
345 185
379 98
373 100
332 51
133 433
295 139
164 136
334 458
379 372
449 131
163 393
468 151
433 339
320 271
455 312
181 53
460 477
323 276
161 32
354 205
100 329
306 59
252 331
132 173
42 1
328 158
23 202
241 211
210 7
390 473
301 292
86 464
246 208
315 14
122 45
35 107
455 197
452 227
352 303
238 186
343 15
453 106
230 198
235 214
166 126
232 84
253 82
90 332
165 117
81 468
475 345
376 156
170 362
459 460
213 454
123 431
94 220
434 34
94 104
382 395
107 250
69 122
361 453
269 351
465 143
298 157
1 83
497 325
250 370
362 440
210 474
204 465
451 228
453 452
296 378
128 124
142 150
221 396
470 429
211 135
200 244
357 424
258 182
30 401
85 129
199 234
184 109
113 190
463 38
316 361
462 213
433 335
296 235
278 350
131 496
453 324
21 187
311 102
315 132
387 410
179 12
300 382
489 169
461 445
392 204
495 462
285 138
174 336
355 5
333 223
332 206
347 140
265 438
4 95
104 171
110 321
147 274
105 404
134 64
411 212
316 492
250 22
46 411
439 394
276 207
30 170
107 307
224 403
407 320
138 327
411 237
385 35
366 110
156 442
278 488
129 341
339 247
67 413
400 194
1 343
500
379 252
49 159
87 25
140 3
216 459
114 214
212 491
427 246
232 314
423 71
429 294
326 50
140 304
188 190
8 499
341 306
266 104
120 363
264 205
196 90
104 42
207 439
401 256
385 39
122 155
4 426
446 433
290 140
129 464
372 87
16 138
75 175
64 55
138 144
154 74
316 460
446 387
144 7
490 157
328 487
105 475
281 500
311 15
195 180
381 351
79 493
124 449
189 69
10 53
245 54
369 63
15 188
454 149
251 151
361 229
15 458
6 125
251 372
247 226
17 343
264 23
186 296
297 92
398 427
108 305
352 498
374 269
221 230
11 451
220 322
89 85
421 208
229 443
441 462
319 279
354 495
100 263
117 103
239 96
462 362
477 43
269 327
390 275
314 379
80 207
482 186
304 240
46 29
164 250
309 2
81 353
214 272
403 408
361 412
231 407
477 227
284 440
429 194
160 94
252 481
264 127
439 448
232 434
475 65
500 278
189 428
161 245
300 67
429 342
184 197
440 216
482 211
213 113
210 38
98 95
168 496
480 437
239 59
427 260
387 123
93 403
146 236
350 438
226 366
477 68
80 176
244 391
491 231
325 466
456 280
235 158
493 202
37 418
399 354
87 56
229 328
399 265
251 206
17 212
345 75
101 284
461 52
330 81
427 233
127 77
306 456
411 147
488 393
107 419
467 171
24 432
414 102
305 276
392 248
404 217
415 369
439 61
486 100
165 45
116 153
343 413
440 19
148 333
97 189
382 442
355 368
454 183
296 292
463 97
212 334
211 235
347 129
471 89
138 70
49 375
413 361
457 5
180 405
345 312
135 421
34 457
34 6
297 112
358 163
218 266
214 22
369 249
163 357
278 143
177 398
20 124
46 121
457 390
369 64
35 404
216 297
189 365
180 88
468 108
141 436
161 293
128 32
26 172
177 132
188 187
98 470
1 221
281 483
252 234
44 344
352 193
285 201
9 196
365 1
334 282
382 219
75 213
254 243
378 394
232 484
353 24
431 377
188 210
371 161
40 414
417 300
376 386
154 335
105 118
433 173
155 267
159 450
71 492
31 220
394 326
284 259
356 461
49 237
345 142
352 455
329 320
183 35
377 337
490 192
482 341
325 270
66 156
6 57
285 72
391 37
285 105
399 356
352 290
341 480
153 83
276 222
118 349
375 411
364 485
464 358
390 476
300 133
338 177
72 273
334 167
428 17
272 148
488 174
184 274
202 345
18 295
182 134
447 31
428 198
195 385
250 389
313 477
442 247
237 257
9 288
14 400
487 371
379 422
322 117
371 228
137 14
436 225
227 264
201 374
252 62
250 352
12 136
193 73
175 86
78 141
128 232
293 195
161 431
496 332
2 41
35 315
284 301
269 396
102 472
71 452
99 262
360 395
345 410
45 329
208 218
336 380
489 44
355 435
228 162
82 465
143 417
287 79
161 145
390 101
359 152
335 399
174 164
172 209
115 93
160 49
11 490
232 169
166 303
371 255
18 402
423 4
182 137
88 307
319 359
217 268
85 463
145 261
458 406
27 308
261 126
198 401
267 441
371 474
125 287
398 82
94 30
359 277
168 473
241 423
330 160
360 479
272 46
365 310
393 178
250 497
210 191
90 330
145 429
455 109
473 203
449 416
332 430
206 453
256 135
426 51
381 165
175 241
476 110
300 323
148 316
462 488
489 285
362 271
271 60
425 364
472 253
48 115
267 99
76 150
210 471
57 370
329 34
170 239
167 40
353 281
249 360
73 179
227 454
139 291
277 26
9 27
151 283
223 80
223 199
450 130
439 355
106 325
382 347
397 21
248 286
118 298
444 420
265 119
287 324
78 381
99 425
453 91
409 348
467 185
109 16
329 84
290 258
186 494
391 331
366 445
74 338
229 336
365 182
281 489
183 170
132 215
51 131
111 486
345 106
326 200
492 128
327 340
456 378
144 382
416 350
490 244
128 146
189 242
160 168
257 224
7 98
450 482
488 468
152 299
388 289
57 373
493 11
247 13
332 409
403 318
7 114
239 10
5 376
58 321
439 9
183 181
350 204
88 122
98 238
39 76
251 367
245 383
100 397
390 120
11 388
51 223
80 415
119 111
238 8
361 384
455 47
291 424
25 184
418 478
13 66
254 302
299 166
395 48
219 20
366 33
104 313
69 36
171 12
257 311
54 446
364 107
413 319
363 254
358 18
58 28
470 154
112 392
327 469
267 444
33 447
311 346
157 339
391 139
372 78
8 58
327 116
65 317
402 467
41 251
500
338 50
189 65
360 395
168 328
8 73
224 424
217 353
443 232
92 128
359 481
113 361
320 144
335 352
308 78
245 102
451 184
252 492
233 164
216 77
478 41
220 308
313 66
434 241
137 376
423 221
455 475
340 208
333 94
96 489
82 389
192 290
347 127
233 456
259 100
316 332
460 452
438 228
192 309
213 244
258 53
340 494
199 182
255 134
335 291
498 276
22 130
232 95
449 20
373 336
375 46
160 476
201 28
193 466
442 239
310 467
154 146
455 190
234 230
208 54
177 457
65 431
38 196
260 462
184 350
154 444
334 426
278 315
366 383
248 168
41 450
462 147
125 484
155 237
229 21
460 396
237 69
363 13
452 300
384 33
195 242
10 226
337 111
478 227
226 37
153 326
256 158
271 29
288 126
81 159
401 162
287 250
442 9
58 175
114 442
459 280
393 441
300 415
33 81
367 5
266 32
210 372
426 277
119 62
231 287
165 296
475 499
426 406
476 125
484 60
290 167
17 417
200 298
332 310
133 123
151 334
47 347
127 345
306 358
123 371
109 495
193 3
460 257
12 124
259 193
27 356
203 346
390 275
96 154
105 419
360 89
41 331
25 264
303 141
376 157
422 178
76 491
480 348
162 478
284 133
175 197
127 432
301 368
479 22
79 485
365 460
419 161
157 281
485 303
49 385
115 448
435 483
314 203
73 382
146 131
430 482
304 44
248 373
258 235
337 108
301 19
128 251
388 355
269 79
426 45
130 254
277 138
181 295
176 312
9 213
335 115
275 156
337 76
415 234
216 68
262 436
229 4
348 468
409 402
219 74
227 380
264 305
149 98
450 329
478 284
377 498
106 459
173 229
115 413
347 430
398 84
406 155
195 148
378 120
319 172
13 440
350 39
143 205
463 344
129 322
307 388
212 337
269 319
231 43
411 51
14 165
411 381
417 293
488 245
461 106
14 438
353 152
442 425
94 393
325 400
365 316
245 87
151 474
318 274
175 433
91 93
485 207
102 369
464 392
146 343
436 112
362 171
6 479
247 40
362 490
177 135
352 455
133 194
78 411
77 412
111 379
28 72
479 233
330 435
12 210
23 464
99 179
354 278
289 220
384 445
395 423
173 437
300 142
189 240
411 236
352 86
250 170
297 255
318 365
339 297
452 48
308 63
178 214
84 49
16 137
20 75
71 6
11 470
319 273
83 224
45 71
230 118
287 121
120 55
64 7
355 52
436 160
402 463
179 374
185 294
297 472
271 139
61 269
344 302
10 153
81 416
374 61
312 339
390 8
434 31
466 500
76 268
100 261
471 26
117 83
106 15
52 42
461 271
146 176
473 427
332 370
119 434
173 258
124 180
155 173
87 119
430 174
436 341
409 367
237 216
500 101
52 263
431 362
30 47
375 391
91 246
452 340
54 92
218 30
36 2
390 318
358 23
469 418
281 223
348 195
378 399
469 428
159 231
139 114
363 401
448 272
400 454
351 56
484 260
201 202
101 145
294 282
159 397
287 256
402 377
310 150
458 218
311 487
105 199
246 325
376 211
33 183
112 384
151 327
130 201
237 212
141 439
61 267
382 88
239 390
79 104
163 477
314 151
328 304
184 324
80 307
98 113
88 116
437 447
326 99
80 129
207 306
482 103
48 204
309 163
282 90
422 24
431 323
495 420
303 262
128 283
362 405
32 206
238 285
94 191
390 166
43 286
258 186
144 486
493 132
177 488
393 27
223 471
367 25
35 453
109 408
496 497
242 91
210 188
208 313
499 469
499 378
60 192
99 270
344 143
349 289
355 301
170 189
226 351
121 252
499 149
46 465
97 10
249 80
106 357
423 107
285 414
166 11
15 349
39 342
411 38
137 375
173 36
441 58
177 451
389 247
456 335
499 265
189 398
72 496
80 443
402 17
61 177
205 181
308 404
29 394
218 117
385 215
450 185
200 222
255 85
174 366
146 317
415 110
237 1
282 16
283 12
32 299
416 422
135 386
279 320
379 136
346 219
82 333
124 321
178 187
421 57
57 407
249 140
91 338
198 97
418 458
220 67
230 249
375 122
164 473
97 253
405 410
5 82
387 266
242 363
329 243
496 169
321 292
153 409
204 18
346 96
129 387
264 429
203 248
316 449
195 403
204 35
1 198
61 311
486 360
286 461
119 105
390 64
381 259
122 109
11 446
46 14
95 70
411 200
314 225
130 59
191 279
144 34
359 314
218 493
443 421
433 217
303 288
12 480
209 359
386 364
371 330
416 238
128 354
500
407 250
1 406
281 239
26 88
278 191
444 379
160 105
68 473
117 251
150 152
182 100
70 230
468 82
310 438
285 66
236 358
107 210
48 201
340 296
387 99
3 291
70 298
144 118
187 393
54 422
436 20
337 53
51 324
81 14
309 41
28 15
13 427
462 264
182 132
186 200
200 320
483 307
96 114
384 349
327 308
348 43
17 229
96 476
451 50
429 28
320 95
91 397
285 119
62 342
328 213
223 71
31 84
459 98
253 244
95 93
304 408
276 448
147 177
48 39
467 236
51 252
132 396
339 248
180 281
417 401
192 289
427 149
46 1
275 293
267 96
479 260
434 295
51 277
239 176
267 373
403 23
453 75
211 496
376 304
181 469
335 159
52 60
48 233
259 327
249 139
347 235
90 363
306 418
94 280
295 318
143 228
232 52
1 207
475 450
152 117
327 102
145 158
217 290
100 257
465 138
52 219
459 463
221 126
235 479
421 480
482 29
40 128
300 24
345 151
236 441
393 316
375 74
376 431
96 403
154 407
10 25
399 90
310 18
478 382
84 218
158 120
316 475
305 488
77 21
200 157
246 110
355 216
30 224
452 287
162 115
277 17
243 181
460 155
3 86
270 173
214 412
18 286
22 106
329 387
16 5
190 8
155 313
294 425
94 163
122 402
404 58
268 364
417 470
61 416
381 497
100 247
173 385
361 346
164 368
287 180
420 13
291 6
178 164
42 430
175 146
170 187
264 188
374 481
440 345
223 432
155 464
94 328
75 194
27 267
399 417
81 271
451 263
182 143
275 365
50 457
318 56
72 214
171 217
177 336
203 101
95 111
65 137
304 85
355 433
119 446
312 460
77 193
431 124
426 276
494 11
256 19
216 374
56 437
327 312
378 436
491 321
371 30
294 381
74 344
138 376
353 390
192 484
433 386
410 285
318 399
167 202
281 317
481 472
146 300
493 70
423 33
131 487
440 47
363 466
438 206
338 262
326 240
86 338
46 129
332 121
202 169
81 335
327 122
316 435
177 383
404 275
48 367
499 209
211 46
98 215
203 150
225 444
75 314
261 212
41 256
45 153
72 261
191 178
416 351
33 7
438 329
108 388
390 12
327 378
63 57
181 144
438 453
425 491
309 185
308 356
87 237
402 311
321 253
86 64
113 135
450 26
141 372
252 78
421 323
397 204
435 284
345 465
17 123
293 294
374 359
282 196
119 273
33 116
444 69
267 297
367 208
443 205
230 454
234 400
295 269
463 91
46 319
301 424
182 48
228 377
350 353
439 220
146 130
297 174
104 255
220 221
181 32
29 147
128 131
316 199
294 198
13 67
346 370
465 141
187 125
372 40
425 35
483 439
478 366
270 103
267 360
465 282
104 81
225 197
137 145
87 76
139 2
263 59
357 302
324 339
305 398
483 94
285 104
164 38
25 79
107 354
215 133
394 254
154 478
120 89
213 331
431 362
466 343
50 4
221 242
234 259
377 411
85 134
350 332
391 55
211 36
463 348
181 183
258 72
317 288
199 265
277 394
285 167
32 334
404 246
127 107
33 232
422 452
168 352
335 489
58 80
322 223
312 494
220 175
110 315
126 140
130 249
486 419
45 493
175 409
267 162
36 184
461 384
494 203
343 274
453 268
460 34
119 490
256 44
76 485
174 449
180 371
30 61
171 227
246 97
434 190
187 258
258 477
314 355
421 299
112 483
259 500
290 443
405 451
462 109
213 462
127 272
32 226
211 495
314 445
337 241
42 456
294 3
221 16
332 77
36 154
169 192
174 395
429 341
496 459
495 414
396 461
211 182
444 392
233 179
223 303
246 37
325 292
67 113
16 306
484 31
347 499
409 325
364 195
446 420
259 375
85 410
263 426
301 156
178 340
184 170
432 305
135 347
373 92
81 42
318 62
446 63
420 65
297 310
419 127
105 369
449 186
482 112
79 83
167 322
375 389
401 498
398 474
23 231
275 380
286 413
225 234
493 440
312 309
313 279
4 10
291 458
271 171
458 471
222 136
354 468
77 189
57 245
8 423
372 278
92 404
127 333
485 486
250 429
15 68
353 165
110 283
413 49
203 326
378 447
81 73
188 9
252 168
129 54
182 51
45 87
452 442
174 22
420 148
343 108
61 415
320 391
242 405
374 45
33 222
102 421
367 225
145 243
434 161
473 330
108 172
21 166
10 160
73 357
375 492
336 266
20 238
115 211
478 428
436 301
271 467
58 482
270 27
389 455
296 350
25 361
395 434
142 270
451 337
500
92 158
420 176
59 252
6 309
500 16
175 413
102 78
129 192
25 207
286 146
342 54
212 402
153 242
391 286
210 313
368 107
284 238
171 464
429 83
243 74
457 205
302 253
241 285
259 344
273 336
260 102
498 224
383 10
421 272
315 218
491 452
270 480
149 316
490 221
8 95
295 300
21 299
347 58
205 288
69 434
313 131
17 391
133 298
288 19
258 254
47 164
379 497
207 415
257 334
430 319
321 18
494 8
31 230
283 355
146 156
114 279
12 263
71 213
187 289
99 425
348 50
325 43
317 270
460 287
191 110
455 294
21 405
320 359
17 172
304 4
389 133
81 419
457 239
160 423
188 33
17 276
458 431
423 42
84 377
405 357
480 140
235 225
7 183
206 439
107 171
1 97
281 462
196 283
78 28
427 249
98 390
60 137
295 86
182 280
288 32
141 72
470 215
475 268
376 128
415 186
169 496
452 468
170 499
94 237
476 329
434 417
113 273
256 246
391 364
379 488
462 1
121 296
252 382
411 94
66 184
347 17
460 150
198 3
182 152
26 9
228 475
20 365
2 198
2 93
468 189
147 191
213 167
5 39
460 494
489 303
452 493
351 52
99 226
498 26
348 92
489 281
398 163
164 328
427 99
86 330
262 341
130 410
202 77
478 311
190 492
302 307
286 169
179 81
37 233
209 96
392 349
441 14
467 67
351 384
80 21
342 304
217 448
3 45
31 266
339 251
107 200
132 115
250 322
172 241
30 440
445 120
371 85
296 476
22 358
81 354
87 267
462 269
326 412
76 443
393 302
316 2
113 385
466 168
462 446
384 380
284 136
25 29
7 356
348 397
99 202
63 421
206 46
254 129
426 321
88 22
186 265
242 101
142 495
279 340
236 257
178 325
310 466
217 48
368 112
180 368
458 256
299 339
489 271
347 65
126 88
335 35
465 435
211 335
481 347
457 182
25 467
75 451
467 84
66 399
420 372
450 291
47 433
150 30
224 41
398 310
16 457
32 68
481 162
67 293
140 312
376 231
126 393
319 350
182 145
8 223
428 430
340 143
204 170
439 278
400 408
310 132
91 134
359 370
174 394
251 436
207 444
72 138
3 71
185 121
215 91
194 351
166 418
371 427
242 485
184 174
60 260
276 123
48 401
440 331
430 56
171 320
107 470
177 154
431 314
88 308
154 219
134 139
379 53
172 460
484 124
498 64
464 63
122 11
34 229
320 195
27 201
487 155
256 396
486 248
225 105
36 255
228 442
312 181
99 386
442 178
331 324
344 130
306 473
269 398
355 149
32 222
80 490
246 6
476 463
236 392
358 414
230 204
296 7
231 332
97 277
129 366
144 179
250 90
277 453
205 381
478 409
419 465
481 206
71 491
443 135
455 295
258 378
138 232
408 49
200 188
217 432
14 89
116 40
395 75
72 445
8 212
273 461
171 471
434 379
26 142
213 481
259 151
302 244
468 70
73 82
482 469
9 362
390 193
347 326
421 400
138 489
458 126
187 103
270 478
114 185
102 31
380 403
214 411
197 119
4 389
356 484
321 290
136 60
233 483
476 216
492 441
483 25
214 141
1 367
80 38
191 438
131 338
414 292
64 343
17 459
342 148
266 36
399 57
482 109
277 34
20 342
451 301
328 12
78 106
399 450
302 44
233 477
297 486
500 165
55 173
497 227
348 437
397 297
332 420
55 73
173 258
482 87
399 388
152 306
287 429
401 5
7 234
276 487
129 166
181 214
441 80
207 449
459 23
347 13
160 20
35 346
143 197
118 426
174 250
166 59
386 264
446 66
171 353
73 407
79 217
339 416
189 161
92 327
185 345
446 196
121 55
446 383
400 125
22 447
327 318
465 482
116 479
14 180
369 262
413 228
258 177
13 199
123 117
145 424
80 98
278 472
10 220
365 236
404 209
194 144
286 211
255 79
367 118
25 235
366 500
349 284
248 190
284 114
252 208
130 100
485 147
287 157
399 47
438 259
41 187
321 160
38 371
79 395
83 333
93 247
184 315
268 337
452 474
53 104
66 404
420 317
490 261
336 454
301 375
356 428
84 282
147 243
428 361
442 274
36 360
400 113
144 245
29 456
65 275
220 127
409 122
191 203
425 376
117 373
418 210
492 363
281 15
22 51
459 455
224 240
338 422
490 61
135 108
150 387
460 352
135 458
293 369
52 62
447 111
108 37
335 116
267 153
5 175
213 159
89 305
465 76
225 348
23 24
497 323
276 69
107 27
316 374
142 194
406 498
500
109 393
158 249
18 215
219 491
3 363
395 487
404 407
111 453
87 138
4 26
35 288
440 479
248 496
454 386
498 408
28 142
112 38
21 498
204 299
378 337
22 284
467 148
280 182
399 9
81 139
455 124
320 175
173 184
346 220
85 390
219 312
254 436
248 193
73 391
49 33
273 431
262 167
190 268
257 442
427 209
321 353
370 469
60 47
349 186
462 162
22 112
385 438
313 42
441 377
9 78
438 106
40 49
298 254
385 432
243 87
455 219
30 111
273 202
386 123
382 325
354 195
137 43
325 416
137 212
478 280
488 120
124 303
170 39
167 320
475 114
237 359
428 160
196 155
215 168
10 246
227 206
220 468
307 360
427 223
203 304
409 372
277 130
79 173
6 253
168 205
284 102
143 462
12 409
65 492
465 230
371 271
227 15
254 116
418 384
232 169
351 402
112 446
253 424
8 464
91 419
125 282
165 339
326 252
95 484
289 248
318 189
252 296
321 365
195 420
366 486
22 263
233 50
210 62
264 397
413 369
225 192
423 285
15 400
423 22
48 107
254 426
401 456
107 383
288 275
14 344
108 20
431 247
300 458
314 141
22 410
149 8
461 374
79 449
461 346
451 35
364 334
143 40
428 394
490 455
354 17
33 448
302 318
238 298
432 338
449 269
73 433
142 489
208 406
303 421
432 485
239 96
215 470
160 352
329 404
160 322
398 385
479 239
99 289
63 122
12 185
87 6
250 273
111 19
181 412
265 287
410 90
174 250
337 493
411 226
246 153
110 389
81 61
329 356
224 291
94 109
161 450
34 327
424 233
81 147
168 476
84 31
257 67
197 315
148 295
110 16
6 48
194 45
355 29
332 430
483 415
243 403
294 145
163 467
458 276
146 27
274 265
357 283
195 92
175 119
115 376
171 236
36 341
360 129
80 57
242 274
381 128
385 336
275 65
373 245
468 181
458 204
332 172
279 227
161 240
182 24
254 313
244 380
36 396
183 4
251 32
209 435
56 121
200 428
253 314
499 495
169 300
241 317
200 427
141 418
445 281
90 350
478 82
294 422
231 37
164 73
307 210
117 200
185 135
88 401
300 110
338 255
449 439
424 1
54 459
277 81
372 136
9 10
270 125
327 171
489 375
266 194
316 156
40 413
93 197
101 425
84 69
419 256
53 228
403 235
240 180
431 266
115 213
393 261
430 76
290 143
316 272
110 13
301 105
108 482
96 241
214 174
494 351
208 358
244 258
500 305
64 443
91 475
406 3
403 373
370 447
297 471
288 18
327 242
300 357
138 290
336 277
29 170
114 328
361 301
382 345
463 260
25 151
269 207
313 321
395 229
179 440
127 222
257 166
428 329
462 74
422 481
44 94
429 117
414 52
327 244
126 85
385 201
41 159
287 64
451 41
469 472
210 80
34 211
332 232
283 2
357 95
140 179
475 23
463 30
322 292
101 441
139 367
238 347
317 437
190 59
334 101
248 444
258 70
180 91
358 294
344 445
8 51
176 494
126 326
18 331
161 77
231 11
170 216
65 79
234 349
453 324
157 199
458 309
449 366
283 196
268 354
345 72
455 118
405 500
84 362
385 311
330 99
149 399
235 302
218 55
278 466
176 388
122 417
41 477
160 132
204 113
273 423
145 198
470 499
239 343
264 12
106 382
229 131
326 217
500 54
445 257
319 84
56 293
118 251
401 89
240 187
19 115
452 164
255 44
119 259
305 262
441 225
148 270
135 333
487 310
396 108
412 381
413 488
413 405
295 178
168 86
15 75
19 68
183 140
260 203
36 497
381 342
116 97
376 368
464 126
394 461
167 103
75 371
122 5
295 53
450 165
446 34
79 98
385 134
200 411
375 237
478 332
93 28
263 21
171 429
423 392
200 264
383 316
400 7
130 306
493 127
416 36
299 150
23 46
92 387
240 177
58 93
180 154
176 190
230 395
69 146
161 478
436 208
417 163
370 183
360 348
222 460
80 398
284 152
212 161
481 243
464 355
19 457
232 480
247 133
101 238
402 191
322 378
34 88
243 286
299 454
210 452
75 463
273 307
336 483
355 14
142 473
238 214
159 370
420 308
15 66
47 224
239 434
346 158
223 379
293 231
284 58
338 330
336 71
368 144
60 474
136 361
15 278
407 63
474 490
303 364
216 234
68 104
393 176
63 100
238 83
332 60
292 451
13 218
386 221
417 25
275 279
425 56
142 319
249 267
299 414
476 157
306 335
236 323
152 340
254 188
459 465
237 297
257 137
