25
6
1 5
4 6
1 4
1 2
3 1
3
3 1
3 2
3
3 1
2 3
8
2 3
8 2
1 4
5 1
5 6
1 8
7 5
4
1 3
4 2
1 4
10
7 4
6 3
4 6
5 9
7 5
9 2
8 7
9 10
1 8
10
5 3
10 7
5 2
4 10
2 4
4 8
9 6
1 5
8 9
10
6 3
1 6
9 10
4 2
4 9
5 7
10 1
4 5
2 8
10
2 3
6 1
9 8
3 4
7 5
3 10
9 2
6 9
6 7
10
9 1
8 4
8 2
8 3
4 7
8 10
6 9
10 6
5 8
117
11 2
54 78
82 29
17 66
35 21
4 63
66 35
102 60
42 61
4 46
60 65
79 22
88 90
80 112
62 72
83 30
90 97
27 14
36 26
48 94
106 34
98 9
47 74
68 91
79 15
85 103
22 84
6 68
56 53
108 110
66 27
95 58
53 59
37 43
13 77
85 48
81 116
46 114
36 8
55 108
85 105
112 1
115 88
115 69
64 115
89 117
115 38
106 83
80 109
109 106
63 55
5 13
59 6
10 16
60 99
32 44
53 75
55 51
3 50
102 39
29 111
75 96
76 42
45 93
100 33
10 89
31 12
29 45
41 79
29 98
50 49
57 87
109 67
49 92
42 5
58 28
4 73
16 62
33 82
108 101
67 57
7 64
83 18
46 37
103 3
31 56
111 113
48 36
38 23
6 76
103 47
23 4
57 40
106 85
87 41
68 81
84 7
38 24
24 52
104 86
65 10
102 80
74 107
18 17
14 11
65 100
69 32
89 20
87 104
57 54
6 102
51 25
55 70
102 71
28 31
19 95
129
61 99
100 18
64 114
28 81
52 128
114 111
109 105
104 85
113 47
25 12
90 66
4 52
21 35
125 107
116 122
66 116
56 40
116 22
63 102
116 126
24 109
58 41
94 64
79 59
91 14
8 110
87 7
53 39
113 60
62 70
29 95
113 86
93 112
83 100
38 53
56 2
9 65
73 108
60 49
44 4
78 103
32 26
31 36
41 27
52 25
49 119
89 19
52 5
127 71
75 74
43 16
50 94
67 98
64 10
58 54
20 87
1 90
42 76
125 3
129 115
109 83
113 56
51 58
116 34
24 127
101 43
128 117
23 31
85 13
71 101
46 123
18 67
89 84
27 29
35 1
122 92
12 80
81 118
118 6
4 50
107 23
90 89
106 30
68 32
31 33
87 45
15 104
21 96
32 69
113 57
40 82
116 113
107 120
64 68
103 37
77 73
105 124
101 21
23 8
105 62
89 55
114 38
71 93
124 9
91 79
95 46
122 125
39 17
7 61
106 129
48 15
76 51
59 72
41 24
125 75
3 20
45 78
67 97
8 44
41 88
32 106
83 77
93 121
51 28
20 48
72 42
102 91
11 63
83
66 14
68 34
3 57
16 46
43 70
43 51
74 11
82 48
8 76
5 38
49 58
52 81
36 45
22 80
9 63
41 26
54 9
21 54
46 60
55 27
12 78
19 52
5 39
40 18
25 30
38 64
65 77
71 41
54 24
53 79
33 21
42 3
60 12
48 72
49 53
28 17
74 56
53 2
42 19
16 20
67 82
46 10
21 49
7 1
7 73
55 42
80 44
7 83
81 59
44 5
75 67
34 71
61 7
3 22
29 74
70 65
70 15
32 28
13 8
53 4
47 37
25 31
55 25
46 55
75 62
77 36
69 35
29 50
47 33
39 32
72 16
23 43
14 75
73 23
58 68
13 40
13 66
44 29
3 69
20 61
45 47
6 13
20
19 6
3 1
19 4
4 12
10 19
16 7
3 15
11 5
15 8
2 3
11 10
6 14
15 20
4 9
18 2
1 16
6 17
8 13
9 18
336
1 142
163 3
106 186
109 21
135 210
331 14
122 223
232 239
176 212
327 321
5 215
66 185
83 154
302 83
308 143
104 27
265 22
243 258
139 151
206 165
120 205
200 334
77 228
104 72
9 181
147 107
158 259
59 187
142 33
253 120
142 98
76 48
266 18
94 7
81 244
223 93
31 201
23 305
326 77
101 44
183 324
46 322
24 105
165 5
14 108
293 332
220 196
37 300
167 32
254 292
50 66
52 189
136 163
282 43
99 17
168 217
69 252
255 79
86 174
28 237
116 335
134 291
40 296
334 12
43 315
200 152
188 253
166 286
61 166
209 260
173 273
252 236
14 114
200 69
275 261
50 304
300 289
5 270
171 264
110 148
182 224
279 183
231 47
103 117
51 39
163 100
81 99
185 65
300 245
261 269
237 276
1 184
263 147
293 168
42 250
213 133
169 124
320 74
167 242
156 145
12 329
30 24
73 127
209 62
316 149
16 126
269 31
329 248
188 235
109 227
227 180
254 240
302 299
15 121
110 277
269 8
173 111
89 281
252 130
256 249
175 203
214 1
49 40
66 211
124 256
253 51
199 234
213 58
175 139
274 229
316 326
168 16
174 265
258 275
142 171
80 119
210 131
206 310
296 60
91 138
112 36
249 37
320 153
9 284
170 109
177 23
148 209
300 282
109 52
280 95
225 280
286 243
264 231
134 101
258 41
113 103
132 71
222 206
48 188
3 288
5 156
261 125
11 233
48 46
11 67
245 195
332 226
264 167
245 118
50 94
50 6
46 150
109 38
90 50
158 141
20 194
209 86
113 330
197 136
139 199
292 170
322 192
129 302
186 247
228 327
266 91
284 70
118 161
290 198
51 140
173 225
40 122
231 208
290 54
235 15
136 177
148 257
95 87
246 238
187 169
260 144
179 35
324 64
185 85
272 19
178 159
107 214
123 328
66 266
73 207
60 331
287 115
57 84
275 53
322 307
287 267
12 202
99 219
27 34
97 61
232 301
275 306
264 129
229 200
39 78
252 158
225 316
90 10
91 29
177 230
216 232
277 314
97 88
33 162
5 303
50 155
113 262
242 298
21 325
17 123
72 191
322 179
41 25
115 30
55 312
8 160
40 73
63 246
67 49
284 102
50 146
290 81
197 106
290 285
270 309
181 97
287 172
288 110
279 320
22 308
128 11
328 42
125 278
181 132
274 9
218 221
129 222
24 82
181 164
320 318
282 182
127 76
177 176
14 333
251 26
262 28
95 96
156 20
212 317
161 271
118 213
266 175
52 135
123 251
295 173
266 4
208 13
184 113
23 268
42 116
232 134
180 293
106 80
259 204
134 220
87 45
262 290
252 90
30 255
118 63
260 157
169 313
93 197
4 287
254 193
265 216
277 178
222 311
230 92
202 128
213 336
57 274
106 59
206 55
247 241
229 68
223 283
322 56
258 254
224 104
162 294
76 263
6 75
253 112
102 190
184 272
149 57
255 2
186 323
243 279
106 297
42 137
168 319
183 218
89 295
500
491 302
301 196
411 361
466 167
280 492
138 452
121 479
433 476
422 370
33 313
444 470
426 234
274 316
171 309
421 239
487 384
463 119
93 96
447 286
117 132
405 69
497 194
464 497
100 406
108 88
180 106
210 483
99 457
56 45
459 208
348 403
462 397
447 260
411 163
186 465
34 419
233 179
113 293
26 249
363 30
270 408
297 38
276 98
143 352
22 100
497 97
202 188
124 209
488 469
360 13
457 322
278 147
107 346
52 187
445 81
460 186
71 27
257 267
209 183
381 284
89 243
63 124
74 70
298 135
99 450
204 89
353 251
269 175
349 79
163 148
105 277
388 493
494 440
449 116
184 488
248 122
346 47
400 288
274 229
379 498
359 92
11 336
319 2
500 290
416 103
182 90
64 159
35 32
243 446
446 453
256 75
373 31
127 82
34 348
253 432
360 258
375 67
57 237
107 399
75 235
8 104
39 3
221 206
465 441
420 59
17 366
391 324
82 152
392 202
322 332
358 8
114 142
325 358
366 241
469 262
15 364
170 268
376 36
32 39
157 181
431 205
401 214
158 170
356 312
458 301
90 389
469 435
223 289
417 256
89 304
360 110
191 221
304 274
167 350
292 40
166 487
391 26
391 395
158 392
228 455
196 456
50 477
212 292
366 141
44 354
229 94
395 28
272 300
499 118
77 339
316 318
245 271
479 428
228 485
36 344
497 63
469 259
101 296
423 227
23 73
434 185
252 377
207 120
350 91
161 264
490 407
101 242
375 342
400 169
331 65
298 278
250 423
39 425
410 220
40 409
156 247
434 5
345 499
122 333
243 165
286 171
377 500
299 192
207 291
393 211
392 146
388 76
350 7
194 385
338 431
455 12
394 323
272 280
235 404
22 253
333 359
208 37
462 21
250 231
441 442
429 414
285 314
331 282
471 412
414 24
310 149
202 182
281 240
497 136
272 207
160 254
90 402
344 177
384 427
257 109
137 127
288 303
16 216
422 48
105 376
153 213
402 19
351 111
170 151
280 29
209 160
172 430
471 451
337 393
439 379
96 388
57 371
286 20
224 86
33 184
251 145
265 494
202 64
421 161
297 337
139 424
216 114
26 307
183 368
195 212
106 9
298 71
493 10
310 138
216 143
454 203
67 83
302 411
316 255
52 128
94 478
355 117
18 467
124 224
176 328
458 396
371 382
182 102
458 321
106 153
93 180
422 232
35 480
352 4
244 326
19 363
255 272
2 43
160 80
148 484
49 190
365 295
247 434
274 462
121 61
445 285
488 365
131 51
227 481
406 341
231 49
12 283
423 68
35 273
341 78
281 472
261 298
373 401
154 468
464 345
284 195
411 54
196 166
419 340
427 137
162 305
280 347
225 420
87 317
155 189
259 18
272 33
418 459
149 308
365 178
142 35
189 270
94 230
348 215
469 23
332 228
476 415
60 353
42 383
290 486
87 244
47 421
412 17
455 193
7 1
83 489
15 134
30 360
137 198
155 443
234 320
248 426
377 475
415 6
335 126
472 53
112 162
307 471
33 58
343 14
332 248
353 131
382 375
170 266
171 436
106 269
429 458
130 41
65 52
180 44
382 87
460 176
51 357
336 330
467 238
401 225
264 252
46 155
296 418
308 245
473 474
172 156
345 496
337 200
151 197
250 204
234 105
173 246
384 66
410 85
317 201
443 154
132 405
296 150
227 172
149 77
415 158
37 329
487 422
317 50
448 174
215 84
3 391
319 433
82 349
482 263
354 437
226 257
63 281
459 311
196 218
484 279
18 334
380 55
138 112
322 463
28 319
371 325
46 466
138 464
359 11
436 121
179 107
159 331
107 129
280 413
87 199
276 294
458 482
72 168
117 374
7 381
347 473
70 373
166 144
94 429
144 380
55 265
260 210
470 378
454 275
198 236
480 140
195 25
426 417
228 93
39 338
73 46
14 191
382 219
135 57
102 233
192 99
434 15
393 394
199 226
250 454
362 438
335 410
428 217
491 287
222 297
178 362
84 250
211 372
424 299
323 310
275 327
161 139
54 461
165 369
417 157
293 95
348 398
263 130
294 115
85 16
498 448
66 386
496 60
10 22
433 222
233 56
382 390
345 460
66 72
267 306
196 367
337 42
286 276
302 173
69 125
240 62
318 387
153 223
372 261
251 101
17 439
40 444
305 34
292 123
51 343
375 356
428 445
249 351
64 74
282 490
93 416
73 108
231 113
449 335
245 495
82 491
319 400
129 133
435 355
171 449
164 447
188 315
500
414 416
268 290
450 132
353 88
295 291
83 40
270 202
175 5
237 297
180 262
481 76
97 493
346 102
192 389
133 210
125 487
401 157
112 93
272 423
389 68
114 447
488 445
393 364
156 190
169 232
454 275
423 77
193 299
239 70
5 467
285 252
124 160
321 81
325 439
307 367
83 139
152 394
300 84
482 391
85 46
157 318
331 249
493 397
457 376
322 116
225 463
322 405
81 398
158 490
333 155
256 436
90 289
489 390
434 153
114 283
6 334
295 444
57 356
66 245
477 352
179 38
483 261
37 135
362 144
265 341
179 321
493 233
118 206
29 24
352 331
200 476
386 28
281 431
335 149
189 234
483 382
165 342
354 192
66 2
418 109
274 227
497 486
394 498
461 483
474 119
121 229
440 196
31 204
144 124
269 259
456 446
449 350
339 165
357 54
45 489
25 286
122 170
193 158
223 310
149 207
291 354
397 255
176 223
265 164
156 129
88 305
3 49
91 456
480 103
188 197
442 319
493 86
5 37
207 136
353 184
193 429
106 98
304 329
20 442
254 465
170 396
223 47
378 166
116 214
383 347
64 250
1 497
298 302
357 121
224 395
82 414
45 368
237 225
25 183
360 141
232 29
70 36
238 74
120 473
470 386
405 22
307 75
303 138
401 148
121 293
281 420
144 25
215 335
374 358
125 150
454 474
495 371
108 458
362 101
389 393
129 421
79 375
359 317
460 366
419 230
227 39
134 348
18 31
189 266
236 384
137 362
412 72
108 145
334 60
212 438
356 466
379 248
75 185
150 373
201 35
384 23
133 280
2 133
53 189
222 353
390 43
195 212
235 156
459 460
430 113
107 273
9 241
459 18
421 58
338 246
431 142
275 213
472 178
79 427
140 343
443 130
294 239
483 478
328 357
299 437
326 78
495 481
71 339
89 57
432 12
276 328
341 407
463 370
206 44
438 63
178 173
186 312
448 71
479 448
226 426
436 244
405 182
222 406
291 7
96 450
209 195
100 126
498 151
362 80
108 462
141 320
19 294
152 300
57 457
161 257
450 137
422 260
319 453
75 491
393 96
127 198
149 100
52 441
174 410
7 59
74 464
68 351
280 99
244 495
18 3
397 92
239 9
265 226
135 235
353 224
45 344
200 33
394 13
145 306
346 219
207 422
146 383
313 409
215 220
94 127
109 79
255 238
73 271
260 171
450 175
340 267
56 380
373 187
345 325
443 485
237 203
119 424
231 387
60 56
424 472
418 288
456 87
420 403
344 215
217 62
454 492
258 123
236 231
412 484
114 34
391 281
198 452
467 112
226 379
372 404
344 277
322 125
153 181
67 308
416 216
43 338
119 211
406 365
23 345
483 209
79 48
145 21
360 193
409 242
58 83
406 479
296 131
60 10
253 172
456 118
215 451
7 400
289 392
497 73
445 222
200 434
26 108
443 270
413 256
490 14
382 11
8 468
364 324
371 415
368 263
11 268
140 167
486 428
332 94
440 326
482 369
172 482
457 168
19 336
241 205
147 251
383 323
239 449
314 66
139 30
367 176
343 470
397 107
107 91
280 374
49 50
288 360
405 480
362 500
242 90
375 337
124 419
237 16
163 154
47 304
450 388
142 194
469 179
191 111
141 377
143 303
123 128
347 89
319 296
280 332
18 117
130 274
144 104
178 201
325 191
374 316
243 314
339 315
159 499
22 221
424 152
97 217
181 237
246 85
83 349
338 399
157 385
237 45
321 122
43 359
78 19
134 454
491 186
342 372
135 42
264 114
32 430
331 41
46 258
441 307
320 433
251 327
268 61
261 477
181 247
408 311
193 218
339 459
128 1
303 301
93 82
223 412
402 309
469 8
475 401
457 440
438 32
364 64
418 272
184 143
6 4
181 188
44 52
299 134
242 115
451 435
95 163
132 15
263 340
379 200
216 147
460 469
461 51
125 97
488 402
348 461
218 17
69 55
393 284
9 313
269 228
157 106
90 110
484 333
166 6
305 418
218 120
208 346
54 269
363 285
362 174
188 236
225 475
304 494
76 177
485 411
410 378
457 53
273 381
439 361
378 240
275 279
115 243
2 471
174 355
205 180
173 443
452 26
423 278
477 253
45 408
438 432
47 140
231 295
382 330
249 265
59 363
86 69
300 199
36 425
441 95
384 287
482 264
361 208
90 292
412 488
353 169
95 413
336 417
395 254
422 162
479 455
190 105
460 161
354 282
211 146
212 298
233 276
102 67
180 27
138 496
83 159
262 20
52 65
500
131 305
212 260
308 364
53 388
467 244
274 460
260 67
350 130
387 19
85 375
122 352
494 475
67 200
468 50
334 462
241 425
282 216
187 497
130 155
436 302
95 69
202 449
349 467
302 290
404 111
495 237
17 77
155 318
2 66
425 198
255 295
225 466
101 265
467 478
250 238
380 48
251 477
316 249
435 355
42 34
125 227
192 404
340 374
64 431
67 177
353 73
315 452
139 105
344 353
68 212
152 292
342 209
39 219
105 480
147 247
451 407
219 378
361 444
133 424
26 114
55 420
423 408
98 175
316 457
2 471
168 248
342 357
448 104
413 6
154 65
308 333
366 153
71 315
336 482
294 435
500 285
412 106
364 24
491 81
463 486
369 45
477 125
149 42
6 226
170 496
248 46
130 222
155 485
92 132
271 139
290 26
135 391
8 1
22 135
147 164
237 233
313 423
434 358
311 13
479 221
377 116
165 43
141 220
449 223
495 328
491 450
315 438
125 326
418 193
10 85
95 335
132 416
490 272
351 253
285 243
190 71
214 386
476 399
450 366
306 136
231 185
132 113
192 128
405 196
150 231
453 211
358 151
186 101
38 263
324 70
76 384
410 127
382 137
441 214
288 403
401 279
455 340
89 389
93 63
251 327
38 173
406 107
52 406
410 192
452 316
103 129
333 183
318 377
466 381
53 274
208 91
252 199
353 159
207 301
3 94
276 208
342 59
145 261
37 166
195 312
30 286
52 294
307 38
463 218
375 22
273 306
126 2
429 473
339 144
275 99
467 421
175 176
96 304
443 487
121 446
148 405
402 256
361 143
426 453
144 448
251 382
220 118
421 234
476 30
14 168
139 178
78 9
493 451
364 346
53 18
164 250
343 76
37 264
224 437
389 337
48 252
221 64
347 157
237 83
218 359
120 413
269 397
262 174
198 55
185 330
245 468
215 89
323 68
214 121
433 215
488 11
114 21
178 433
448 79
378 25
102 332
456 427
454 321
160 412
19 350
424 140
372 171
185 436
96 188
300 16
461 195
18 401
463 365
115 303
381 103
292 418
378 217
215 236
105 278
46 325
216 56
186 362
146 150
444 169
257 474
230 281
420 246
401 58
429 456
66 202
334 154
19 32
297 351
64 74
498 434
477 57
319 470
421 84
215 297
453 317
447 490
279 283
306 488
401 428
12 461
138 396
385 322
476 344
215 336
265 299
242 367
32 356
321 393
118 341
470 464
491 36
287 145
184 447
353 445
359 493
360 35
155 372
149 241
55 240
305 432
469 206
392 417
84 259
379 172
285 354
291 492
469 463
243 390
441 167
281 361
21 122
78 141
315 329
463 262
487 442
200 455
67 53
250 369
467 310
236 110
343 229
158 458
384 300
222 75
386 52
477 230
404 319
296 481
384 182
89 472
21 288
349 277
265 268
10 255
110 400
120 349
352 273
384 491
357 40
352 271
52 98
40 28
477 370
340 17
235 80
134 429
309 422
124 163
305 161
371 419
251 239
242 276
77 411
414 242
339 224
363 191
274 439
321 426
101 5
382 62
124 298
59 152
397 4
305 320
279 476
290 494
302 465
346 109
168 33
329 324
337 311
279 454
196 385
184 342
21 162
430 343
69 88
398 495
255 37
211 395
30 363
56 72
295 8
443 131
393 289
195 368
396 314
341 112
371 414
51 323
29 282
170 347
258 225
5 387
147 27
260 205
441 92
104 156
364 213
9 235
47 126
89 187
469 479
464 275
249 44
127 31
425 307
199 146
469 133
210 10
391 23
7 415
427 96
27 7
203 138
362 61
21 123
129 402
159 119
322 338
33 245
104 207
304 12
288 184
351 484
133 60
275 87
356 410
159 376
337 134
141 165
372 380
35 308
389 97
180 440
9 190
437 269
164 201
375 189
474 296
47 115
257 14
449 86
405 284
139 360
32 15
486 120
316 500
41 373
396 392
231 82
153 287
85 309
268 117
202 20
77 254
460 39
4 3
187 441
103 232
66 498
282 267
354 228
345 180
221 270
251 258
297 499
94 348
479 210
104 293
461 280
288 339
94 194
181 203
210 430
18 147
75 124
347 379
154 186
345 469
213 383
57 483
141 394
99 181
322 197
164 331
443 54
55 100
31 179
190 291
330 170
138 398
415 49
440 78
273 158
301 313
197 51
390 371
76 160
64 266
228 29
84 149
174 148
389 108
121 93
239 334
265 459
294 443
390 257
17 489
231 345
194 47
89 90
198 204
290 142
51 102
132 95
147 41
409 251
500
266 227
375 32
50 436
219 293
251 8
396 323
463 196
201 457
173 88
165 113
94 195
179 415
465 480
479 283
100 16
189 467
440 160
322 62
427 458
45 433
168 359
436 121
181 365
178 426
464 81
23 423
99 83
168 134
401 175
356 202
325 43
369 73
415 80
251 352
274 404
182 35
347 498
335 106
462 301
427 402
189 397
181 324
293 296
35 387
321 408
444 142
361 330
340 127
416 191
450 236
229 273
24 299
281 220
303 70
179 256
202 279
125 218
399 31
215 466
406 119
393 481
28 320
359 22
396 421
77 158
58 23
123 176
429 122
60 265
337 492
399 447
166 11
393 312
252 56
130 335
132 205
92 470
160 130
149 406
161 96
39 210
45 379
57 44
161 270
68 407
365 337
35 257
42 7
365 489
449 286
184 294
148 199
471 204
371 91
43 66
360 221
412 316
194 25
62 246
242 97
354 212
265 416
455 163
155 476
191 126
195 417
95 268
370 74
192 101
222 405
253 222
168 109
238 373
147 460
353 496
51 411
33 412
182 360
419 58
129 307
22 497
99 314
374 451
5 269
486 107
386 133
127 485
279 398
207 182
285 153
464 364
325 305
476 271
108 278
85 422
379 284
185 362
58 216
69 372
1 363
318 266
485 356
121 358
440 371
253 477
323 350
479 9
427 72
296 61
448 24
205 30
240 473
237 448
414 331
139 215
264 104
278 348
183 255
77 139
337 474
222 183
389 185
149 186
55 87
273 46
249 181
437 400
347 5
179 52
330 375
177 394
239 250
160 208
433 90
204 374
439 377
92 59
350 45
135 274
35 193
256 311
455 439
291 344
156 357
375 2
230 232
106 465
422 245
188 65
500 454
490 161
111 144
373 242
468 464
81 459
290 230
175 179
347 6
21 168
411 321
57 248
302 434
104 388
256 165
426 450
384 198
215 315
50 112
37 419
344 143
440 449
328 349
441 488
244 41
207 110
171 280
118 487
155 258
314 431
206 443
166 482
51 483
12 499
172 355
126 486
59 71
386 317
35 495
67 189
41 149
400 263
330 346
4 64
275 108
301 171
302 235
180 475
461 342
141 267
96 207
336 290
305 141
103 395
283 39
148 190
487 129
89 159
154 184
13 89
426 14
79 361
388 37
317 384
83 135
249 345
281 152
258 77
205 156
386 425
249 478
222 300
488 100
353 76
323 243
59 277
288 162
479 292
12 118
19 484
299 174
202 264
493 4
139 389
444 329
433 251
329 164
387 468
388 490
488 95
9 124
132 93
123 298
105 441
367 194
151 249
42 92
92 369
144 105
192 285
449 151
163 456
488 42
462 253
202 117
312 303
358 78
392 437
320 401
390 259
258 169
349 217
427 172
229 103
136 231
492 68
334 297
117 203
88 327
219 86
345 453
436 228
78 440
337 17
37 94
205 145
361 435
499 38
181 424
62 353
104 200
43 201
67 340
140 120
243 318
365 82
241 291
322 493
4 238
95 60
262 241
89 261
354 428
135 226
264 247
348 75
395 98
335 170
58 308
213 48
346 304
232 67
134 386
233 84
132 53
301 192
191 115
296 57
230 413
389 154
329 328
419 125
83 51
175 10
11 302
420 19
151 347
384 420
487 332
326 99
146 211
106 177
60 79
305 396
16 427
36 445
273 223
72 47
79 367
435 13
146 354
321 343
101 336
497 381
407 26
379 29
155 366
493 414
62 393
381 123
427 157
472 461
400 233
4 313
203 370
33 319
84 138
65 287
239 234
93 383
112 444
242 188
319 54
54 281
100 282
311 306
466 3
290 469
363 167
26 128
137 403
489 288
299 147
311 254
407 34
489 325
363 63
468 275
331 390
147 229
420 240
153 140
324 15
149 276
136 309
236 334
184 239
246 494
188 351
442 219
48 111
7 438
486 102
396 12
72 418
403 339
460 462
381 146
299 155
61 85
499 380
227 69
32 131
246 399
209 114
301 40
164 206
354 326
313 442
409 187
101 430
93 214
283 27
73 237
295 289
402 472
22 341
254 178
1 132
150 225
183 252
367 1
81 262
121 213
12 378
378 209
225 295
80 33
223 136
218 310
326 491
326 322
282 446
287 36
86 116
373 148
45 272
129 391
323 432
143 376
125 150
433 338
473 333
292 471
137 21
57 455
9 385
464 173
353 50
36 197
209 20
127 55
193 479
377 368
184 18
420 429
367 224
295 260
85 452
392 382
131 463
135 500
472 166
494 180
161 244
332 409
10 137
265 49
437 28
269 410
500
400 270
301 269
186 327
42 457
401 105
76 401
76 98
195 402
443 126
312 438
136 387
77 337
291 351
184 165
50 284
336 75
345 169
10 317
48 225
363 304
346 273
370 204
40 256
358 89
452 372
350 346
464 148
137 465
334 344
300 150
300 258
191 371
260 72
60 164
244 219
110 26
252 367
393 423
80 247
130 199
126 450
219 154
195 83
2 427
58 113
453 277
299 160
282 497
199 161
278 348
236 200
147 285
112 404
316 197
321 60
330 239
485 76
460 330
27 108
244 479
140 441
330 6
430 390
262 418
30 301
469 440
424 329
131 56
477 409
455 44
261 282
18 498
51 15
226 101
486 57
319 265
313 238
365 488
229 268
324 444
133 202
479 122
210 315
39 340
65 179
193 339
323 17
465 201
87 23
192 443
434 11
114 436
160 37
166 13
422 227
235 240
136 352
91 235
393 415
24 428
151 448
336 413
394 414
106 343
181 472
129 12
439 361
84 432
63 52
293 231
207 393
456 216
176 59
8 100
276 249
244 162
116 416
213 153
80 151
135 157
171 316
53 189
421 48
193 489
370 220
295 492
125 499
224 341
8 405
416 494
11 155
163 389
121 28
415 325
421 368
66 421
75 395
154 398
357 156
415 394
493 29
371 170
108 84
115 355
408 342
50 38
159 485
219 129
256 146
24 133
177 187
489 91
415 215
164 335
222 27
226 158
236 58
339 458
205 138
177 481
141 171
427 81
134 261
316 332
451 185
162 424
202 7
218 455
176 234
392 396
393 248
472 134
78 230
367 66
95 309
378 323
461 493
434 379
235 289
106 446
277 49
104 182
378 291
221 61
112 172
70 302
284 2
154 176
468 370
69 407
2 290
267 463
240 500
43 30
326 136
320 452
182 378
49 95
451 417
374 358
57 391
336 474
236 464
462 159
117 184
121 425
32 318
304 257
454 53
39 246
416 431
132 429
236 422
134 359
256 195
342 90
191 106
380 442
32 181
215 130
251 236
241 212
25 495
461 194
180 145
157 114
344 191
247 141
180 369
257 135
185 196
373 213
160 374
338 34
321 319
200 460
332 328
228 461
283 296
384 260
215 482
215 19
353 356
396 40
284 177
413 115
35 10
229 439
406 385
67 36
238 47
191 124
210 222
449 349
122 307
306 99
14 345
160 63
226 320
83 144
313 252
350 454
400 193
410 54
265 412
179 334
361 280
143 456
255 92
238 190
329 305
113 388
71 487
197 41
480 468
447 386
265 447
282 207
186 243
43 364
84 229
100 174
286 354
223 125
117 35
86 281
243 163
433 93
487 420
413 306
181 366
447 262
303 192
285 353
129 21
315 137
319 377
499 175
244 293
297 31
461 33
434 3
186 188
170 70
215 338
217 69
216 322
314 210
137 73
45 74
287 294
175 254
405 117
177 232
234 380
105 310
44 214
316 476
322 104
167 478
342 350
430 4
389 94
429 43
423 466
466 266
229 263
99 103
321 445
22 331
286 82
489 45
372 149
130 437
479 480
40 205
339 166
123 55
454 308
122 79
28 321
371 434
406 253
428 180
132 397
116 275
309 459
63 283
93 399
326 312
491 449
368 5
363 274
65 64
137 286
487 475
350 406
403 211
110 419
121 173
205 279
9 295
488 233
26 86
18 400
376 491
188 127
477 85
352 313
259 32
178 278
143 80
240 324
370 392
353 271
179 403
247 131
29 360
289 255
329 490
28 14
181 217
349 128
295 198
295 462
287 24
53 120
372 314
164 42
37 264
302 292
459 77
437 384
100 97
420 119
173 473
65 477
75 226
299 242
297 365
29 311
353 152
43 297
304 1
467 326
208 298
496 20
393 435
57 467
269 88
47 357
67 469
86 244
350 112
158 147
81 68
426 228
250 132
424 16
393 67
321 430
461 451
206 383
427 71
416 109
498 453
384 102
76 259
183 496
485 50
90 107
359 411
493 140
110 426
131 303
125 300
247 110
117 362
67 363
44 241
302 22
213 410
99 267
332 470
89 433
488 333
130 143
37 51
113 123
69 483
474 39
193 250
437 78
374 9
473 168
440 96
495 376
337 25
169 373
328 209
252 237
84 375
386 218
203 221
333 245
379 8
444 336
239 299
486 118
53 272
457 287
345 251
33 347
415 288
487 139
492 46
418 18
55 203
342 183
322 486
70 111
58 484
51 62
141 186
381 206
126 276
245 208
411 224
239 178
484 87
109 408
415 116
114 142
291 382
217 381
3 167
477 121
189 223
471 65
500
398 6
185 189
488 139
414 26
387 419
498 133
493 225
210 19
226 301
322 318
100 379
117 491
400 372
14 32
409 65
424 45
18 5
452 418
390 384
388 132
350 241
168 149
330 298
41 146
90 53
343 481
427 288
459 248
291 326
113 365
18 359
37 433
376 219
489 375
362 144
128 38
386 258
70 210
385 397
244 484
304 367
224 80
36 33
101 315
45 43
256 147
463 243
475 342
98 160
114 190
377 464
88 458
359 312
6 229
279 153
375 319
174 62
235 23
145 177
384 465
439 415
40 440
7 429
303 278
440 364
96 447
109 128
462 497
147 203
349 322
442 99
301 287
213 357
310 389
492 495
26 338
266 112
302 87
481 103
490 4
246 341
79 242
310 119
47 280
43 186
118 253
161 362
400 49
97 215
321 239
162 67
10 197
217 47
90 297
435 373
496 435
312 143
283 250
329 142
440 184
491 276
282 354
213 432
177 396
310 459
388 444
419 29
285 425
397 91
48 16
148 496
468 431
145 334
428 213
235 252
367 286
115 173
324 77
440 439
358 18
436 462
275 414
142 402
72 222
45 324
149 228
264 196
205 317
320 358
490 40
305 175
76 233
133 323
202 249
306 394
209 46
222 15
223 316
281 393
416 403
182 409
11 306
244 223
166 90
317 303
407 129
384 100
104 460
429 207
431 217
446 78
123 167
27 158
43 178
32 98
145 86
7 76
432 471
352 231
322 124
423 413
179 499
447 71
344 48
101 399
495 151
11 206
388 188
328 311
194 74
122 174
81 498
361 140
453 115
374 125
400 42
360 8
157 244
5 141
448 127
121 10
97 347
16 398
108 168
134 237
22 198
481 473
81 209
89 11
136 155
294 361
451 37
166 193
230 274
12 185
465 430
284 436
487 371
31 343
114 370
156 135
197 22
432 126
139 17
299 218
45 259
276 208
304 109
451 385
17 83
53 451
357 390
486 463
334 211
187 201
380 137
93 290
253 204
40 30
374 245
472 88
29 417
409 138
206 13
6 75
85 107
428 423
59 34
300 122
338 200
264 145
420 392
472 264
374 453
234 455
373 283
220 271
110 421
494 279
479 382
186 68
191 247
72 157
379 442
100 282
330 266
327 449
191 410
394 226
82 386
151 2
471 251
443 69
241 339
21 55
270 176
1 441
156 330
275 105
28 232
493 474
482 1
305 329
269 469
390 493
7 21
9 169
333 265
44 307
71 438
269 170
419 59
132 437
145 114
43 216
34 171
408 148
37 12
96 220
216 72
466 221
60 492
458 121
441 291
365 294
50 166
126 452
28 179
52 60
189 268
384 380
205 377
337 494
89 346
264 482
325 165
90 183
87 117
381 332
259 344
45 156
58 289
267 82
55 470
64 41
429 214
441 20
209 411
365 285
189 224
185 295
82 445
360 468
35 79
254 130
37 454
75 92
343 349
241 101
55 58
204 110
295 299
126 254
81 400
378 93
186 408
486 108
336 281
175 227
306 466
345 195
18 407
183 480
28 335
168 333
305 235
87 456
13 489
231 416
461 64
369 199
8 368
162 120
231 427
135 302
226 50
355 478
421 246
461 296
383 337
357 66
432 260
387 270
57 401
225 331
305 273
349 387
243 388
372 106
119 54
96 230
252 94
235 39
373 446
54 262
124 240
115 325
185 448
460 406
163 85
45 395
264 36
74 84
86 255
73 191
422 434
451 28
408 161
128 9
367 277
229 292
300 313
430 150
12 356
478 374
412 369
397 269
133 479
5 181
390 257
148 136
359 336
254 487
305 422
35 305
443 7
312 500
331 320
483 351
163 159
460 154
433 234
168 355
417 256
475 300
207 96
123 116
156 420
268 450
176 163
360 467
45 164
216 360
24 89
89 61
378 366
93 131
211 391
324 376
101 31
84 309
436 24
336 187
434 97
160 328
11 275
4 27
394 345
293 3
179 457
437 412
29 63
167 378
304 405
143 352
48 381
50 261
123 35
491 205
156 113
377 363
497 483
446 51
84 52
197 424
257 123
191 488
17 162
167 350
334 475
111 310
477 192
390 321
117 102
183 44
169 477
241 202
353 134
370 461
263 81
359 404
67 426
486 428
97 284
281 443
201 95
42 25
21 263
203 180
457 73
93 476
306 293
3 172
294 490
383 152
397 304
409 57
130 182
497 14
216 70
471 236
226 353
466 308
296 267
364 314
267 194
389 486
420 104
457 472
40 348
118 111
69 238
266 56
445 327
152 118
242 272
148 212
382 340
485 383
500
154 173
397 402
430 43
352 235
86 463
125 410
226 148
308 120
242 234
305 271
124 183
383 92
445 189
7 396
21 329
172 375
98 368
65 255
405 104
220 179
359 81
499 199
232 376
177 168
87 318
425 423
57 419
196 24
400 370
387 469
452 156
76 335
408 460
258 439
375 371
98 446
222 477
354 332
440 207
257 220
401 215
244 290
182 327
62 158
316 216
422 150
231 89
464 431
422 286
88 74
468 244
77 358
111 40
437 57
136 467
349 282
460 392
223 172
332 129
271 279
354 382
266 247
233 283
192 115
387 261
470 90
35 66
370 132
357 320
351 350
17 118
118 438
124 116
102 105
330 128
212 27
218 186
91 434
353 64
217 450
108 496
366 387
429 299
293 70
354 240
447 94
350 176
336 470
56 474
236 79
389 171
254 499
308 181
425 71
388 243
388 3
387 86
160 195
268 193
139 254
297 459
80 476
55 485
180 239
430 314
180 117
40 449
245 262
55 200
233 484
57 237
192 245
15 51
427 188
363 308
421 433
361 366
356 418
176 411
375 316
202 297
403 15
217 206
205 455
224 192
449 296
45 246
31 272
66 256
345 113
245 130
215 91
157 352
133 11
253 221
90 445
152 413
45 270
448 178
190 333
290 212
81 281
254 59
459 77
206 378
420 412
189 108
4 391
465 5
131 462
229 211
126 443
276 289
146 20
30 379
181 122
163 312
57 490
125 437
386 265
309 231
156 224
295 46
77 441
309 264
278 69
128 78
237 495
459 95
468 49
299 447
66 242
16 217
469 384
471 468
407 401
20 205
462 457
137 277
157 373
383 267
345 398
309 1
195 417
282 163
74 121
95 278
188 493
45 249
191 298
146 436
86 324
458 475
327 241
347 357
425 106
185 208
179 232
170 342
49 310
369 65
200 45
123 54
23 280
499 497
361 123
230 160
420 338
366 253
421 223
206 440
203 67
277 388
285 33
172 372
110 23
35 394
91 213
493 55
364 142
205 364
495 26
418 107
86 319
212 99
479 444
365 362
478 194
322 426
499 58
101 340
225 353
122 259
59 408
412 337
284 17
126 480
345 53
73 252
217 166
110 428
69 303
7 102
407 103
160 167
200 13
201 380
317 363
143 44
67 263
453 85
492 126
493 180
30 451
219 41
313 381
398 492
199 47
275 383
227 390
181 32
47 471
127 100
296 465
54 458
30 184
23 435
11 8
386 404
316 274
171 313
482 52
254 300
19 486
54 185
451 25
93 198
493 35
469 432
495 127
137 442
273 153
215 98
289 322
47 309
424 293
303 63
246 328
18 301
272 114
88 161
204 429
408 227
310 119
311 354
121 154
331 294
156 416
84 68
107 367
477 60
405 287
263 273
220 80
270 407
77 84
217 461
272 76
188 56
473 275
257 18
483 87
429 356
384 145
36 478
292 12
326 187
404 125
308 258
326 146
489 250
400 201
161 292
282 226
273 307
163 196
82 430
484 326
174 343
285 134
21 209
398 389
417 464
298 62
337 403
317 291
13 16
442 29
469 399
192 494
498 139
223 112
225 175
1 210
249 321
85 177
51 345
316 140
402 386
484 228
27 204
111 190
64 14
466 454
386 9
457 374
489 257
21 2
454 6
412 72
61 400
169 409
78 448
247 144
437 266
372 50
118 360
21 218
187 302
78 30
490 137
75 284
216 143
375 111
200 135
159 348
265 159
261 323
194 346
341 482
278 21
96 369
458 83
190 311
393 498
5 359
190 500
162 174
5 4
426 420
463 28
82 141
214 489
363 405
228 341
223 214
365 295
455 347
95 315
497 395
87 131
419 325
416 7
187 421
108 37
26 34
496 138
300 406
33 344
414 169
46 110
196 39
392 155
287 191
343 42
395 151
270 219
11 483
332 334
35 268
43 109
496 349
467 197
324 317
153 22
315 136
339 31
49 124
471 238
207 225
196 393
277 36
399 170
453 330
404 149
500 248
292 285
73 233
152 351
390 305
144 336
348 236
453 152
236 377
456 48
156 456
128 101
329 147
377 75
175 491
367 162
384 397
94 473
160 414
428 222
255 73
65 19
196 452
425 453
198 276
404 306
63 288
278 415
460 304
47 385
403 251
398 165
473 38
434 488
253 331
94 339
452 427
450 97
389 472
94 425
216 229
348 230
160 203
73 260
343 479
230 466
333 422
309 82
367 202
351 61
19 269
297 164
221 96
143 365
326 157
420 481
327 361
339 487
11 182
437 88
144 424
368 355
12 93
10 133
500
62 57
274 442
425 116
166 453
56 297
104 224
165 345
360 8
126 198
352 228
16 160
457 71
279 237
267 98
95 393
227 234
327 355
218 385
274 89
141 285
345 84
92 114
488 309
234 414
81 315
434 390
36 444
478 14
367 25
404 350
288 465
443 256
493 155
351 125
200 383
42 418
404 281
158 209
169 307
125 406
35 70
396 120
432 461
3 99
310 455
93 319
231 96
229 4
236 269
213 61
254 314
278 72
500 464
400 193
152 342
345 216
442 306
380 140
278 391
181 333
270 389
438 35
492 371
159 133
359 152
320 97
79 348
383 424
107 1
398 144
59 45
363 53
145 335
451 433
408 397
95 3
476 373
186 491
304 247
424 456
29 90
3 272
258 265
373 129
60 128
323 87
42 26
415 159
255 428
219 136
221 145
347 273
200 173
262 49
284 295
195 422
409 113
208 382
342 377
252 470
135 356
328 48
362 36
425 381
235 233
88 211
315 483
399 378
40 289
18 220
396 121
443 344
465 317
361 400
74 361
249 359
50 166
248 487
499 138
103 254
242 243
254 242
259 31
18 167
313 387
229 238
297 23
150 366
383 177
369 107
25 329
140 207
426 420
265 115
103 222
36 380
128 131
64 282
295 180
436 376
469 287
468 56
251 181
195 443
306 250
287 330
434 458
183 368
212 374
426 73
83 82
193 476
171 431
127 249
289 194
413 419
470 51
95 454
76 210
500 225
496 370
393 416
37 300
376 33
284 369
473 175
145 117
227 417
82 137
382 64
14 165
57 10
218 480
281 325
353 489
195 275
85 183
293 182
369 93
452 161
4 427
35 170
113 189
268 81
459 495
133 271
252 351
448 446
215 192
309 481
149 475
280 42
324 29
42 340
475 34
479 305
146 158
150 412
144 301
311 63
387 239
396 485
106 313
422 15
434 221
493 146
182 62
22 488
223 172
333 176
231 308
289 284
249 290
278 169
206 321
263 79
331 394
488 197
259 499
3 327
2 184
219 135
483 288
271 490
455 223
466 126
5 429
446 229
477 360
468 379
245 339
191 283
11 77
496 171
199 257
399 190
190 367
413 264
160 268
421 88
373 123
169 230
140 413
38 434
72 439
458 392
17 496
219 482
341 30
403 450
85 17
489 134
405 218
419 86
439 18
377 108
358 343
230 292
151 278
397 484
164 11
434 101
34 294
23 312
178 66
305 124
375 448
125 142
223 331
277 203
123 148
187 441
312 302
449 127
395 235
267 347
355 341
334 103
481 52
126 438
224 459
78 156
84 130
162 6
36 111
386 106
269 47
22 217
56 149
88 122
103 402
212 270
59 91
420 477
430 195
41 240
206 28
41 27
435 44
377 20
244 39
307 43
235 498
446 50
334 241
155 118
374 357
465 226
372 196
432 9
167 452
433 212
487 349
460 388
25 151
219 110
391 407
125 462
304 19
451 186
439 46
132 286
49 60
86 251
395 104
44 95
96 185
330 449
238 141
469 274
65 293
432 245
229 358
358 322
464 206
120 59
53 266
424 263
98 179
381 395
495 7
123 102
145 473
181 227
148 40
68 296
157 437
119 299
316 214
499 409
376 112
212 328
205 201
143 479
291 246
496 21
344 346
393 258
47 178
225 109
363 153
153 68
171 213
290 474
45 471
279 375
341 398
139 304
20 219
197 276
374 324
122 252
341 259
335 332
490 440
363 408
65 168
147 65
498 497
345 37
228 231
75 132
342 54
21 334
48 75
366 279
155 451
113 74
495 157
249 493
180 457
17 100
420 478
110 174
68 202
146 162
21 426
217 58
398 277
474 303
188 410
218 187
424 260
442 494
396 432
475 338
389 362
174 421
307 364
113 204
175 415
450 232
177 411
306 337
489 147
305 436
339 280
65 2
18 320
63 80
186 365
12 384
113 492
272 143
405 205
56 24
182 430
119 336
69 83
472 94
188 468
79 92
430 352
386 353
449 255
227 463
108 208
411 326
329 425
468 396
430 163
134 423
95 16
352 298
150 38
76 215
305 311
325 267
451 401
395 363
447 467
70 262
3 55
341 399
252 248
64 164
35 435
365 154
202 67
140 236
131 291
286 445
306 41
440 191
246 447
187 22
416 244
130 105
39 460
95 76
323 261
73 139
270 372
142 472
426 354
409 318
61 386
244 404
255 323
62 253
159 469
218 466
392 486
381 316
233 150
13 405
62 13
121 119
250 199
334 500
342 32
261 310
299 85
456 188
401 12
113 5
380 69
83 78
450 200
500
389 16
177 135
344 27
487 462
450 94
169 289
22 452
290 139
194 128
197 356
145 323
131 198
468 199
463 40
334 363
303 95
186 339
354 122
213 463
436 10
157 204
331 393
307 194
151 434
190 446
494 77
253 360
386 390
268 395
337 444
285 355
280 290
126 369
139 485
382 493
121 338
328 473
301 428
69 192
473 372
459 41
69 87
33 26
429 347
410 69
131 121
199 418
87 346
120 225
87 310
115 296
340 58
50 404
417 59
350 2
327 53
245 72
168 440
313 324
36 266
14 416
205 275
444 47
40 487
454 451
104 48
417 125
6 86
331 39
387 320
157 15
121 246
124 439
342 455
498 259
409 375
142 158
385 22
243 398
315 11
242 105
393 45
448 322
76 221
129 51
1 241
177 164
482 305
465 76
341 345
178 209
257 359
299 124
228 357
355 448
347 458
101 271
25 183
462 147
449 116
247 491
166 382
413 172
369 91
261 240
457 73
447 421
496 119
305 108
262 431
116 21
22 102
115 417
263 234
492 161
32 151
324 32
70 325
305 312
385 80
115 170
468 205
317 118
239 14
199 422
389 461
270 385
80 130
130 364
463 309
127 70
458 230
175 24
382 314
250 292
138 137
17 232
7 268
44 341
140 141
388 142
23 191
490 352
93 20
389 495
119 68
233 278
245 8
482 178
225 33
231 229
145 243
128 81
322 383
451 84
312 206
446 277
204 162
449 293
238 217
450 414
295 408
414 472
284 190
7 334
145 273
81 180
118 148
267 344
414 46
461 371
57 52
319 115
192 57
430 242
281 123
103 176
66 208
242 436
403 281
257 481
184 155
246 37
457 490
310 143
153 202
396 159
414 113
417 376
296 367
131 50
115 54
341 213
465 492
239 453
248 175
202 13
456 402
351 23
98 443
276 35
365 279
239 394
348 351
486 201
56 133
401 459
382 377
393 136
64 203
441 92
18 226
52 329
409 220
264 114
185 165
49 315
122 457
474 285
225 233
242 337
92 19
67 195
450 270
8 475
109 413
186 167
370 330
328 65
324 153
465 235
239 412
355 74
307 215
341 63
192 109
384 98
180 85
320 66
410 255
460 43
456 237
86 478
333 31
415 30
124 166
109 388
316 335
290 254
236 456
79 140
415 370
282 319
242 283
306 152
152 89
95 380
210 82
47 498
449 326
105 340
107 423
128 396
193 348
239 286
29 189
399 214
235 29
343 350
167 160
298 343
482 117
327 342
190 280
68 308
62 3
432 483
481 299
135 294
361 349
38 256
256 460
71 288
491 71
381 301
426 78
185 467
274 212
350 321
390 468
272 244
260 126
427 474
204 248
374 316
184 386
179 62
79 42
77 362
182 287
275 318
242 466
73 328
327 400
192 25
363 207
478 179
149 171
109 361
293 177
471 465
479 420
14 6
300 149
266 150
329 257
434 5
404 405
27 112
15 432
329 303
291 236
219 222
257 442
245 267
111 227
297 169
439 258
310 482
284 430
355 252
280 331
146 276
360 374
358 49
285 263
175 437
270 174
25 134
43 144
54 253
47 224
133 103
447 477
164 99
494 1
144 146
32 168
436 429
75 391
135 311
36 185
50 75
461 302
322 409
327 129
105 44
3 90
62 250
453 107
357 145
55 433
288 379
218 265
38 298
186 499
277 173
75 284
225 67
436 389
448 282
463 476
163 333
312 441
233 373
346 184
72 304
465 307
383 381
393 454
336 264
418 306
382 471
98 60
460 387
460 269
176 366
263 435
265 100
485 358
97 247
286 479
276 378
416 274
411 228
311 216
352 219
347 410
366 61
446 193
437 56
176 9
108 262
303 96
16 101
246 332
432 110
72 494
21 97
483 407
457 188
96 272
329 38
489 403
339 88
123 384
486 291
346 397
421 354
112 131
184 127
221 497
342 438
362 449
497 425
210 181
362 154
321 399
106 415
14 245
318 210
196 445
221 327
144 365
481 83
389 106
107 488
485 104
405 447
273 469
326 231
111 489
148 187
14 34
249 7
93 368
298 138
83 17
436 28
21 424
407 186
264 239
203 297
90 64
119 484
471 197
224 419
103 55
270 163
497 79
163 336
364 132
488 200
210 238
131 261
154 182
227 406
373 260
445 496
486 450
484 427
356 295
209 464
304 300
22 18
200 251
346 156
162 196
150 486
168 353
62 4
156 317
383 392
233 426
365 218
323 36
264 211
377 120
196 470
500 12
117 480
140 401
164 157
298 111
280 313
219 249
431 93
223 411
4 500
500
104 370
132 48
453 234
482 113
45 166
476 157
467 243
424 301
2 67
81 399
302 39
257 209
488 324
231 414
366 147
370 61
361 415
204 391
183 97
42 400
23 148
352 139
391 215
482 1
476 423
411 356
437 483
268 16
373 20
267 326
49 410
80 272
440 193
435 436
199 386
235 432
391 392
213 123
309 292
173 51
230 277
32 255
403 395
250 15
62 276
245 380
220 216
64 237
118 268
443 203
148 114
168 200
35 468
364 447
135 353
325 30
369 191
318 120
468 331
116 287
341 474
473 267
293 264
421 314
445 488
5 185
409 388
68 377
380 261
369 457
168 116
102 249
402 284
69 208
285 305
327 84
94 43
293 117
417 302
466 4
467 137
443 367
415 70
398 425
230 213
164 26
398 462
75 196
182 143
314 456
311 493
83 190
253 259
183 385
431 416
266 309
288 153
317 383
54 448
406 321
165 361
195 12
219 42
367 440
292 57
94 344
298 411
39 446
345 382
200 156
57 299
480 289
463 427
263 178
459 338
216 235
78 219
297 25
283 188
307 2
326 18
477 426
363 71
65 19
145 227
225 11
34 325
205 149
386 444
448 480
67 437
248 281
319 430
259 279
67 490
428 429
493 206
25 311
332 491
43 66
335 337
238 10
255 207
494 189
9 282
11 118
193 453
76 82
22 186
150 258
203 23
496 250
54 22
343 397
148 87
491 470
388 173
223 306
119 231
6 81
12 461
154 155
405 230
125 5
143 304
449 295
484 187
18 105
156 407
273 129
31 257
229 308
58 471
475 266
476 210
239 389
53 329
192 285
120 225
380 89
246 204
464 236
32 336
68 384
483 54
321 8
319 159
59 244
323 419
122 220
101 405
32 233
455 86
440 100
392 50
384 320
485 402
436 288
499 278
166 56
458 376
468 92
242 58
476 335
198 439
319 180
109 477
74 222
137 194
237 174
22 322
64 379
344 472
175 362
488 163
473 108
342 131
414 132
67 226
291 394
328 360
297 115
13 459
228 332
153 313
473 223
160 63
309 296
81 199
334 3
480 401
160 96
210 142
120 274
433 387
248 481
231 78
240 342
329 126
420 403
399 270
304 212
295 498
165 140
364 69
159 368
340 211
459 161
402 256
163 145
174 182
436 179
138 40
111 128
462 221
150 280
57 312
466 298
22 28
24 372
149 346
48 315
70 500
269 348
469 487
154 9
297 202
222 130
425 317
189 275
421 269
442 431
314 106
426 37
309 95
366 34
394 184
58 158
282 239
132 435
19 136
470 152
328 229
321 217
145 252
463 359
190 378
322 59
401 333
16 364
150 375
171 49
396 64
406 417
320 214
479 357
224 365
219 445
94 283
436 352
486 218
451 13
425 119
34 350
368 303
26 53
310 408
372 496
239 165
491 358
75 442
300 33
477 467
26 80
365 154
285 99
147 98
222 197
389 478
270 62
199 396
273 434
104 127
334 85
395 354
169 198
86 146
282 421
301 7
76 466
210 369
96 449
474 205
260 111
288 93
334 124
7 75
393 455
143 251
56 65
309 327
76 21
224 413
278 300
248 192
45 463
188 6
77 494
153 248
370 36
415 451
198 73
438 133
145 183
72 68
64 24
37 485
172 422
460 290
356 162
495 45
376 345
85 72
166 245
394 94
432 160
295 495
435 265
43 44
274 310
311 171
119 406
244 489
361 109
149 492
90 454
40 286
473 27
105 441
230 176
124 460
36 240
260 443
84 323
488 195
125 112
406 363
132 164
166 110
189 170
451 438
80 349
56 373
395 497
487 475
465 74
442 29
454 83
215 31
195 409
76 412
38 473
333 341
158 144
305 79
351 228
359 47
117 260
244 46
254 330
141 328
19 91
454 404
215 104
287 351
110 38
92 340
277 318
499 484
94 343
80 428
330 374
353 482
23 41
286 175
414 247
488 390
277 319
327 294
11 499
371 366
120 433
349 246
150 177
97 150
37 452
383 271
378 273
340 14
329 486
206 241
456 355
154 52
453 32
16 465
351 88
400 262
142 125
213 254
480 316
156 238
10 224
481 138
28 469
351 242
33 121
62 151
363 347
176 181
457 172
409 334
474 371
172 134
281 168
474 398
34 17
142 169
245 102
109 297
74 464
51 479
160 141
388 103
82 107
191 420
309 76
69 201
199 307
445 167
442 55
372 424
273 291
49 293
296 60
232 35
12 253
324 77
450 393
154 476
230 458
213 90
144 232
61 418
294 122
339 101
353 339
375 381
86 135
259 263
