25
4
1 3
1 2
4 1
7
4 7
4 1
4 2
6 4
5 6
1 3
5
2 4
5 2
3 5
3 1
6
6 3
5 6
1 5
1 2
4 1
5
1 5
1 4
2 1
5 3
10
5 6
5 9
4 1
3 2
10 4
10 3
5 8
5 10
7 5
10
8 3
1 8
9 6
9 5
7 4
6 7
10 1
8 9
8 2
10
5 2
2 6
9 8
2 9
1 4
10 1
1 5
7 10
4 3
10
1 9
7 2
6 1
9 5
4 10
4 3
8 4
7 8
9 7
10
6 4
9 6
5 7
3 2
1 10
4 1
6 8
7 9
9 3
274
53 50
42 167
18 62
234 153
33 25
61 184
245 74
147 106
202 173
74 154
119 174
245 97
264 145
236 54
97 89
182 169
40 22
67 136
220 11
81 200
230 102
227 67
167 163
143 19
214 124
99 149
15 43
90 79
177 51
126 223
199 115
70 199
202 133
219 240
115 14
265 241
154 117
185 41
71 87
32 152
190 42
27 129
113 85
139 16
40 108
45 20
191 201
113 165
231 114
23 217
180 95
43 104
14 122
58 158
161 100
222 265
7 191
223 175
116 52
222 123
255 188
223 239
95 273
175 56
149 105
172 58
38 262
157 254
163 251
122 210
79 47
47 83
87 233
147 53
205 44
51 202
85 13
103 126
254 120
274 181
150 170
255 73
67 88
51 103
264 234
133 164
118 208
260 111
172 243
63 195
4 257
167 150
92 271
183 272
37 21
262 264
182 69
268 227
191 180
206 221
266 244
256 172
56 68
1 4
56 242
52 80
171 33
215 99
133 132
27 222
120 2
163 125
45 147
260 39
174 40
86 26
219 155
180 212
205 192
71 101
42 226
55 190
205 160
125 144
105 49
26 270
50 135
49 198
170 17
187 205
143 267
263 142
262 238
202 256
47 228
40 252
244 38
168 66
209 131
27 29
62 84
244 82
254 86
203 235
14 269
100 27
105 183
43 37
21 260
113 218
82 213
198 224
111 179
151 98
205 64
172 162
206 90
265 78
239 137
114 261
127 134
212 10
272 230
138 248
21 91
130 186
34 157
186 61
40 206
264 139
4 207
230 203
121 204
131 249
34 250
184 5
233 75
127 118
19 76
273 15
91 55
100 72
202 255
250 71
64 93
44 121
218 128
147 156
68 34
131 59
83 236
174 268
250 57
7 63
122 6
153 12
267 113
52 81
75 263
110 141
154 116
269 259
133 36
178 232
119 31
17 45
32 8
87 253
33 177
239 161
5 166
97 219
149 209
84 60
86 110
53 3
189 143
151 176
68 77
142 211
28 94
254 35
52 7
270 245
5 70
226 151
204 214
167 30
94 178
59 9
49 171
227 65
189 140
159 274
70 18
62 159
259 182
198 148
260 216
16 187
229 28
46 146
120 24
88 193
111 109
152 225
251 138
183 258
219 220
19 46
170 127
255 1
235 189
115 23
10 229
234 130
32 246
230 185
110 48
169 197
73 112
16 231
196 92
183 196
166 215
76 96
70 168
5 237
56 107
131 119
193 32
234 247
194 266
243
34 159
238 201
180 242
126 124
224 62
65 177
162 45
233 42
102 27
161 206
220 203
107 111
47 70
55 220
136 172
105 112
29 103
197 231
134 39
233 106
213 101
55 141
164 102
93 136
21 195
122 235
209 68
201 115
143 64
164 176
24 114
129 148
86 32
144 69
185 113
179 193
125 228
58 99
1 184
118 123
41 30
19 192
154 188
222 16
225 160
101 89
141 138
116 56
152 17
91 186
194 190
60 46
191 116
225 156
50 229
79 91
214 233
2 92
221 150
190 236
72 97
96 168
131 238
33 93
84 31
224 13
38 117
23 132
217 35
3 44
111 223
120 40
97 23
140 197
142 122
30 187
111 63
243 183
141 218
168 33
113 118
135 146
146 224
20 221
239 135
49 7
241 243
72 219
20 130
38 109
72 171
1 82
47 145
102 86
194 211
183 37
18 3
78 60
13 66
184 73
72 2
89 105
175 128
225 213
159 19
189 36
144 84
103 4
216 11
111 179
16 198
128 134
234 194
140 222
121 79
51 88
100 5
191 74
67 139
44 95
78 90
53 58
43 204
226 12
136 152
90 24
204 241
86 133
164 18
59 76
116 161
123 234
37 71
62 85
71 65
121 208
121 217
222 10
81 147
123 55
116 181
132 165
135 41
133 214
170 212
149 189
220 178
96 209
76 240
21 169
24 174
138 143
35 28
175 157
102 185
189 226
188 119
66 129
85 53
106 67
56 6
16 107
69 22
228 151
226 232
131 158
77 94
215 166
236 83
234 173
64 230
66 170
163 77
158 75
136 121
43 125
26 120
175 182
227 154
176 20
166 126
15 8
29 104
136 162
241 140
118 163
180 50
113 167
82 237
235 81
55 25
88 225
134 48
47 26
158 15
167 21
145 110
174 164
189 72
182 1
222 80
239 227
83 14
69 175
178 149
37 215
34 137
191 51
44 61
233 144
194 47
17 78
159 96
217 131
12 191
163 207
172 9
16 34
216 210
203 49
80 29
157 87
171 38
85 142
127 43
61 100
181 205
181 54
188 52
88 98
178 57
131 196
241 153
47 59
62 127
186 108
58 180
94 199
84 216
155 239
200 155
202 200
88
86 5
75 41
24 27
29 58
54 49
82 74
7 73
85 75
10 65
56 44
39 16
50 79
51 21
6 33
56 4
53 63
6 54
66 57
33 22
63 50
64 86
79 1
13 55
14 83
67 77
3 17
84 78
1 12
39 72
79 71
46 9
80 35
50 28
82 70
28 61
27 2
66 87
40 25
79 3
35 43
57 76
88 38
23 15
86 36
1 45
22 82
4 51
64 29
65 60
3 30
75 66
1 32
36 14
8 88
8 80
82 62
85 19
85 13
42 48
59 10
42 7
64 31
60 46
24 67
16 6
49 47
33 85
21 53
17 84
15 40
23 42
37 20
65 64
20 8
9 39
86 69
80 56
30 81
37 23
75 11
31 37
72 34
9 26
27 59
27 18
52 24
59 68
25
23 21
12 16
6 9
6 23
12 10
5 12
1 4
25 17
10 22
12 14
5 24
19 1
13 20
25 2
14 13
24 18
7 5
12 15
11 7
16 8
21 11
3 25
22 19
3 6
432
166 264
143 197
252 138
227 58
125 271
95 400
124 180
139 420
100 379
130 409
378 355
200 279
361 25
79 94
203 143
187 393
315 96
29 298
77 30
326 93
129 18
424 144
9 373
104 95
151 223
406 220
141 378
97 183
233 311
424 343
249 331
274 369
367 376
359 118
430 366
341 98
394 287
357 80
414 363
304 397
47 78
20 396
50 157
422 275
236 27
304 187
61 365
169 88
41 74
160 154
184 52
421 7
295 423
314 307
413 336
229 334
244 259
256 263
373 339
288 211
152 388
222 247
357 322
92 81
344 24
144 219
393 306
137 131
318 212
216 341
321 194
189 106
218 167
230 410
141 251
389 352
44 84
39 395
218 204
363 39
219 186
208 329
224 380
176 408
14 31
343 163
303 228
325 424
122 112
107 269
296 121
54 280
248 38
79 402
58 337
189 349
371 91
73 17
86 162
124 59
213 103
50 156
192 242
83 266
126 249
195 419
200 66
324 114
204 392
221 421
122 261
114 33
335 166
105 122
269 28
203 148
155 225
270 215
301 11
385 159
233 23
374 56
326 338
92 285
393 189
230 314
268 417
88 418
413 21
154 281
180 416
151 221
261 8
294 185
291 141
232 256
256 196
322 401
241 125
16 229
372 146
49 129
139 399
106 15
205 273
187 14
189 1
248 97
326 67
218 324
98 385
235 252
388 86
161 404
285 254
402 312
338 4
76 413
47 295
76 32
56 260
227 201
376 299
233 35
401 124
82 321
334 128
337 358
149 353
144 354
289 48
296 403
378 209
159 116
335 184
110 73
406 384
377 165
185 89
30 20
180 288
117 272
5 134
249 386
144 123
237 127
115 305
336 360
31 101
343 136
420 262
325 72
280 258
339 332
247 36
404 153
338 227
175 340
89 68
51 294
165 47
42 328
22 109
263 428
198 216
238 105
412 149
154 217
155 115
350 182
429 377
288 200
135 248
55 359
233 350
268 179
48 70
17 158
9 54
160 76
205 142
43 140
269 100
85 267
105 213
362 135
196 411
172 297
215 77
107 327
297 244
337 113
273 120
248 235
35 274
258 342
275 383
370 145
210 62
112 181
268 104
210 425
269 61
29 283
97 241
142 422
289 304
2 87
11 177
13 362
382 44
64 370
357 394
105 387
184 375
150 356
120 50
155 147
178 278
302 374
167 43
41 214
429 372
60 5
333 42
210 292
237 313
170 168
226 326
122 130
1 344
200 276
291 430
136 6
125 82
209 51
154 308
142 133
240 160
363 330
27 126
212 302
213 335
118 152
425 239
194 45
26 49
120 206
288 316
397 382
296 390
250 231
91 319
373 361
408 234
375 367
180 190
311 282
42 150
356 230
175 315
386 301
12 268
76 431
370 426
170 60
44 75
304 318
57 333
267 69
176 245
197 317
373 57
185 71
360 218
352 253
88 41
272 429
14 293
87 26
217 111
36 169
337 348
149 250
430 414
315 291
255 346
237 92
382 320
18 222
68 90
113 296
363 171
214 265
109 117
394 107
6 290
88 391
152 195
299 178
403 289
116 226
7 310
146 323
62 357
74 407
164 405
250 19
285 40
176 406
312 176
182 205
187 192
297 277
215 207
327 415
17 210
112 432
366 347
410 12
150 173
284 303
11 233
88 63
43 108
160 246
89 110
206 224
409 284
297 237
237 412
406 2
311 164
190 238
360 286
241 309
272 325
325 270
252 174
390 83
57 398
36 13
145 236
114 172
393 243
352 29
329 99
406 34
358 53
307 257
104 208
335 139
288 46
239 79
325 203
379 232
429 151
117 255
413 55
131 300
388 364
95 381
123 427
330 202
319 188
84 170
401 240
325 193
137 65
264 85
179 161
290 10
101 191
375 64
403 371
397 132
176 16
290 345
101 199
30 175
188 22
218 137
362 155
52 37
307 198
321 3
244 368
171 389
237 102
119 9
351 119
500
451 48
49 311
412 391
128 246
377 215
225 78
247 7
480 34
224 219
468 304
373 401
58 355
356 373
299 450
402 473
296 11
484 27
452 432
127 421
223 99
463 5
403 312
7 122
354 434
194 171
224 140
14 145
416 282
482 161
65 154
350 313
290 236
419 269
176 117
193 416
490 3
472 482
438 83
381 247
291 337
407 31
110 153
482 411
431 143
274 499
111 47
398 59
17 354
237 303
272 322
68 449
231 166
265 16
366 480
337 419
192 453
74 79
276 262
67 339
8 405
255 266
186 289
146 438
175 493
265 106
485 484
22 492
363 460
377 321
486 433
388 272
475 462
289 287
338 302
176 393
375 126
297 485
310 369
145 477
109 414
390 496
320 372
155 18
74 21
212 159
37 285
358 248
371 197
260 347
404 336
330 239
235 189
319 476
75 242
212 335
214 81
204 56
123 39
489 45
60 144
364 301
371 95
265 225
298 121
187 252
471 84
332 417
203 283
255 381
134 259
408 43
250 138
293 9
476 148
451 422
45 368
45 461
495 390
255 305
349 333
379 237
464 241
120 424
306 489
167 46
260 365
157 364
139 26
143 62
294 296
357 22
282 223
221 278
68 110
196 105
12 475
361 273
86 120
61 410
267 71
163 216
197 157
405 204
105 102
211 217
310 220
476 356
19 162
23 470
198 325
270 479
219 418
329 29
283 244
321 310
394 260
14 435
244 371
318 294
19 54
335 58
210 203
208 297
478 195
279 317
371 15
330 187
149 182
299 127
222 61
41 383
316 63
253 427
41 370
336 362
142 250
367 36
18 104
429 375
415 132
303 467
40 130
169 358
472 254
389 378
60 147
360 108
401 494
217 288
391 151
275 360
451 192
86 300
170 134
489 201
202 488
366 478
364 437
193 279
353 72
450 8
170 129
50 175
500 211
340 103
460 165
218 367
404 330
64 136
354 124
321 218
276 88
234 229
356 345
119 207
219 93
200 341
258 186
257 327
319 25
180 118
403 286
96 13
153 113
266 90
61 415
66 412
385 377
231 464
122 384
425 363
16 261
149 308
203 483
465 152
180 472
123 428
195 240
438 200
212 320
220 30
490 57
235 155
202 387
121 292
99 290
290 445
221 249
271 52
108 402
69 351
260 430
87 231
382 206
168 439
100 210
240 307
86 44
313 224
58 457
65 160
300 468
13 228
405 86
129 379
111 74
479 469
80 188
444 423
205 67
332 458
310 214
111 17
73 380
277 131
279 276
360 42
299 318
12 459
171 409
69 196
188 497
154 179
297 382
312 323
297 257
62 253
343 55
168 202
75 168
212 109
9 32
16 491
232 33
197 291
178 75
350 446
47 486
494 94
382 448
98 245
61 185
310 407
397 359
167 14
179 431
330 50
139 80
263 172
157 20
246 342
45 85
365 68
98 232
490 234
268 487
350 324
249 299
323 92
299 133
163 328
337 164
46 123
114 498
366 338
126 158
468 343
168 64
450 119
458 60
327 258
453 199
344 173
350 447
476 280
476 82
309 350
377 10
247 263
295 442
206 70
103 51
2 274
222 500
147 281
6 366
339 125
54 176
299 340
171 146
155 440
471 178
272 87
436 400
106 451
276 114
274 163
414 116
393 275
317 420
163 100
36 425
163 465
361 309
359 398
1 194
17 156
432 265
422 181
226 112
311 238
156 96
149 49
14 271
260 35
371 89
68 293
211 295
324 456
29 251
493 413
19 222
477 41
336 277
46 466
488 209
342 444
101 12
264 6
371 352
335 28
278 452
161 73
58 227
177 221
30 226
263 334
145 385
133 376
4 101
439 208
18 233
101 329
387 107
320 53
29 443
310 170
349 149
466 23
433 481
279 183
175 4
345 326
265 344
242 213
242 212
306 314
72 404
408 141
406 174
7 268
242 115
343 69
439 388
425 267
131 348
164 137
252 397
478 167
262 331
104 142
441 408
231 316
415 353
18 19
140 193
9 150
241 97
462 399
208 2
108 256
104 406
2 284
473 357
381 306
334 177
30 191
156 426
413 436
154 332
53 386
362 24
7 65
33 441
291 38
405 319
338 243
55 230
245 455
306 396
19 471
407 495
138 91
3 346
297 77
480 298
289 139
236 389
12 128
5 395
412 474
307 463
416 76
347 198
332 37
328 270
148 66
92 374
112 255
199 184
212 190
298 394
45 235
140 40
432 429
448 392
455 403
479 180
348 205
429 98
140 454
58 490
346 349
117 135
17 264
111 1
496 361
315 111
248 315
500
7 369
145 106
452 442
215 169
460 179
476 389
389 240
192 196
409 170
37 431
317 68
165 160
87 373
457 135
100 409
232 14
402 199
461 31
239 53
109 441
387 194
495 158
428 228
434 48
322 255
241 84
105 40
441 79
436 477
82 249
21 462
270 164
429 178
451 285
500 101
33 85
407 486
463 83
1 412
481 150
138 247
137 303
94 226
29 222
316 315
257 5
38 424
142 457
177 192
42 496
419 275
143 208
122 213
196 416
7 352
499 245
46 379
317 287
314 311
52 435
277 223
194 93
371 122
471 314
469 63
387 430
123 188
318 434
175 126
185 335
274 267
46 72
253 291
351 98
269 299
44 92
196 356
143 293
275 468
42 343
295 39
414 149
55 438
477 277
463 263
331 461
493 30
159 459
285 137
415 27
399 51
368 276
456 391
359 257
164 493
446 261
134 238
382 445
337 56
166 108
346 130
214 168
202 153
90 182
378 176
442 390
73 283
451 254
174 345
24 337
477 114
209 152
313 156
88 174
28 207
320 87
339 480
487 197
187 443
412 21
444 44
379 306
276 33
13 230
258 380
166 78
281 157
419 433
240 363
181 125
62 60
180 58
323 205
328 96
431 332
247 218
377 407
71 201
418 308
368 481
46 35
140 145
230 264
70 210
9 284
388 91
95 23
139 186
100 224
454 294
296 386
224 209
99 26
197 134
444 297
279 469
39 155
488 109
89 225
44 262
390 463
481 375
265 341
28 300
413 444
207 237
135 133
356 333
309 229
323 219
228 414
197 7
226 120
2 289
153 65
322 136
255 384
334 350
437 397
34 302
485 121
440 47
176 99
375 458
263 103
432 483
236 117
396 200
423 271
463 236
411 419
167 8
438 167
307 280
416 406
296 420
483 328
346 367
390 113
50 28
22 387
136 3
178 467
435 361
339 57
41 364
358 88
131 1
216 251
19 395
193 111
393 473
126 97
137 456
430 401
241 482
226 118
37 144
157 388
278 204
185 417
309 67
21 432
395 309
426 497
101 127
378 189
269 132
237 212
63 464
286 183
418 104
153 338
417 447
314 119
37 206
435 37
222 474
498 116
253 80
333 233
78 112
161 17
338 62
299 163
234 128
207 69
228 175
91 129
268 41
331 465
460 19
484 246
443 321
253 38
424 305
348 376
277 77
457 368
395 393
494 59
439 140
387 454
262 172
59 269
42 86
415 408
78 470
290 425
224 32
269 265
287 166
412 191
304 165
386 348
438 76
264 372
154 405
376 439
274 282
221 327
224 484
475 173
151 268
108 394
291 353
12 288
214 374
34 90
50 403
171 378
293 231
142 377
44 290
267 446
33 385
253 73
308 234
356 107
152 177
295 203
200 52
471 74
439 15
463 286
258 151
442 241
247 423
293 362
418 162
67 295
110 453
460 102
334 489
460 400
132 418
298 410
486 100
12 316
421 354
172 146
177 365
407 318
150 216
121 141
72 366
130 279
138 25
91 472
150 498
100 259
400 475
477 319
436 349
379 82
101 340
40 248
115 278
21 10
402 452
424 244
206 449
344 421
461 402
312 281
374 499
42 24
290 476
287 313
320 490
476 18
312 396
145 429
262 317
183 342
350 296
352 198
83 190
55 89
294 312
293 110
438 9
215 382
142 478
30 184
371 334
121 381
343 298
144 330
27 326
40 411
115 147
261 50
233 436
314 339
381 487
150 304
364 55
231 450
26 235
389 325
479 193
324 460
446 272
173 187
180 202
317 217
112 214
435 43
204 491
261 49
69 426
121 466
326 404
437 20
400 320
452 359
181 399
83 71
267 42
283 383
463 324
5 242
103 322
241 344
408 154
140 13
43 358
221 95
317 131
198 252
134 357
155 29
196 256
305 124
211 437
297 329
30 123
26 211
13 336
440 227
441 266
398 66
418 159
188 307
241 161
360 180
396 142
192 355
23 138
277 215
479 221
7 64
350 220
370 16
301 243
78 2
155 371
474 492
266 253
141 270
322 139
23 70
251 6
425 195
433 12
473 301
73 94
455 415
28 323
450 346
273 115
314 347
223 331
9 143
368 495
134 422
285 448
138 485
383 46
364 239
359 34
191 451
344 36
419 370
87 427
137 494
349 4
66 22
402 148
299 258
479 105
38 273
408 413
62 398
285 360
393 310
135 11
352 500
200 488
263 81
326 185
72 351
229 181
109 479
341 171
482 392
330 274
459 292
293 232
284 471
249 440
196 428
491 54
260 455
397 45
423 75
61 260
250 61
500
39 296
70 215
352 139
409 178
427 338
489 144
27 428
426 192
1 207
494 58
346 135
188 87
232 44
214 233
213 161
257 72
250 277
266 407
249 307
289 343
163 304
427 290
461 99
376 86
184 11
261 412
372 444
169 448
381 95
493 227
207 391
410 422
341 229
205 202
262 263
191 256
101 394
131 274
177 282
196 216
211 372
203 84
67 106
332 476
1 354
478 204
409 463
175 138
316 344
314 214
410 332
136 335
27 26
324 316
167 74
494 42
164 327
285 356
203 12
464 8
47 408
285 190
253 101
320 330
258 55
322 499
296 310
435 212
393 384
327 188
150 488
28 4
310 395
350 490
426 445
424 399
437 449
80 377
463 213
247 201
449 409
192 489
318 14
361 350
32 125
373 97
78 342
491 160
285 176
365 305
420 368
163 127
474 442
482 89
289 21
35 430
346 64
451 3
310 15
116 348
261 496
138 34
488 271
365 61
48 78
108 241
483 267
36 91
237 464
192 493
315 367
299 337
125 469
500 436
207 209
169 346
217 302
354 100
404 219
55 70
93 98
129 359
222 381
218 155
430 331
113 357
375 124
221 255
486 364
344 187
282 387
130 345
414 312
176 355
398 262
25 184
221 386
357 424
55 433
40 194
54 92
477 232
89 191
498 347
13 411
158 122
367 32
108 156
375 265
32 269
289 441
14 6
401 56
399 59
401 53
174 279
280 131
431 479
185 143
41 473
28 110
26 443
69 193
380 235
23 339
318 292
101 63
495 246
440 203
81 383
298 270
236 252
480 303
194 222
195 185
295 211
81 181
114 240
473 454
375 404
348 322
422 147
309 39
334 9
115 413
67 31
409 475
35 365
70 175
497 93
481 362
490 437
325 245
403 401
9 352
138 118
425 141
57 251
33 134
34 136
61 140
188 447
171 461
17 195
334 145
284 171
313 390
234 314
96 38
414 325
475 73
27 220
274 148
422 289
209 226
142 165
67 65
458 328
105 35
140 137
344 452
385 427
231 116
468 487
52 439
351 247
264 283
34 349
389 440
17 183
79 210
100 435
148 266
423 294
116 288
298 299
208 392
80 323
29 276
329 20
29 261
409 260
280 132
435 79
144 238
247 415
169 498
69 250
276 225
181 317
330 10
41 293
454 173
21 423
149 52
69 329
460 120
238 13
94 416
405 7
461 25
254 406
59 361
82 482
340 197
27 306
187 363
287 477
108 133
11 146
335 486
430 455
433 326
82 29
441 291
262 295
42 22
328 162
66 16
71 268
447 334
200 177
367 57
444 150
147 458
329 198
409 341
35 62
281 66
17 467
83 96
272 483
321 36
283 179
221 434
129 466
73 19
37 273
185 169
472 351
312 27
38 457
434 103
313 107
307 151
398 375
292 81
98 119
462 376
290 360
464 152
145 37
467 224
355 371
78 421
73 280
202 208
88 388
387 374
490 471
374 414
479 472
288 358
120 49
102 298
260 223
258 315
138 382
228 40
467 48
457 281
428 378
381 18
44 239
473 284
84 405
133 426
166 285
374 366
294 275
321 43
186 105
268 130
71 33
200 126
7 446
311 159
112 478
381 60
38 77
47 1
429 228
407 254
54 88
308 418
355 258
274 153
396 182
48 76
263 485
305 199
85 287
185 465
192 494
210 196
213 297
350 2
275 115
377 259
148 272
387 400
330 24
368 45
451 460
121 491
289 121
166 324
499 385
356 257
417 468
435 398
230 28
365 111
473 158
411 402
189 321
239 174
124 237
87 497
372 164
487 68
171 94
476 495
354 157
352 51
422 75
414 108
484 85
104 311
112 142
138 380
308 249
47 278
284 353
498 500
246 234
388 333
67 431
24 90
401 456
349 71
270 492
123 264
22 54
5 104
300 474
398 403
427 300
84 336
346 180
249 109
175 117
43 69
321 50
314 438
487 172
248 67
129 242
283 480
215 244
365 17
421 308
126 154
114 432
379 429
91 370
114 112
263 373
38 301
13 41
444 167
425 369
75 420
203 318
478 450
480 410
57 309
61 149
87 102
87 168
122 123
305 217
351 459
481 379
180 221
414 186
7 30
79 83
35 417
333 128
96 425
191 166
148 419
488 393
191 253
360 114
228 231
75 47
498 205
264 113
151 470
53 313
5 46
267 170
480 163
33 218
328 340
481 248
355 451
319 206
49 484
449 129
7 200
271 453
140 396
301 286
43 389
339 5
221 481
335 320
478 319
313 82
367 80
290 462
429 236
23 230
75 243
224 397
317 23
500
61 314
284 310
352 221
262 130
322 58
457 154
468 229
217 10
66 131
403 228
213 419
71 212
215 444
92 127
133 263
269 273
485 59
292 200
108 126
220 234
193 476
200 434
318 289
269 251
171 288
284 275
137 282
202 303
206 107
485 475
341 6
358 266
360 463
342 119
258 339
276 483
114 341
2 223
34 232
224 383
78 300
363 185
243 62
454 143
454 37
315 297
180 100
449 319
334 73
70 56
206 194
492 408
203 138
356 446
347 413
144 487
488 461
469 47
320 345
181 366
164 440
111 78
233 112
69 86
34 14
208 482
414 374
472 336
166 40
210 474
466 435
175 344
156 210
286 450
244 349
469 473
226 284
202 97
325 403
207 81
74 148
71 245
305 65
355 253
145 166
418 91
307 172
83 61
279 410
58 179
253 184
480 82
462 133
328 181
99 347
99 340
430 281
320 283
475 244
156 76
369 69
362 494
375 72
453 224
431 395
145 255
188 137
428 388
385 156
203 158
309 214
327 124
56 497
494 313
404 416
122 198
432 350
145 462
383 242
234 218
26 44
127 134
481 208
189 169
189 375
36 368
371 19
410 155
341 309
286 418
169 88
244 424
264 369
6 316
409 237
179 175
255 105
354 294
441 477
176 261
269 122
97 239
138 180
488 219
424 164
384 342
142 22
363 478
357 205
64 159
187 407
27 125
117 486
458 329
26 146
287 157
303 249
95 110
161 292
414 428
216 213
187 42
428 302
359 449
71 445
51 99
183 174
75 87
23 437
99 498
161 274
390 4
465 144
188 118
135 373
452 268
32 182
143 338
33 471
438 102
18 386
240 432
391 7
29 385
401 400
39 260
167 464
361 291
182 217
401 392
202 11
367 167
348 359
193 246
245 420
499 491
351 312
45 332
228 226
322 270
412 298
1 231
422 468
177 457
221 256
281 481
269 98
385 136
269 111
466 287
346 115
251 346
316 36
262 469
435 398
125 421
235 280
280 90
75 320
146 384
431 321
82 265
55 327
64 254
457 335
246 41
159 409
69 370
492 331
113 238
65 330
104 364
462 60
401 67
298 18
134 1
425 247
365 162
371 323
59 441
158 34
400 378
113 71
348 401
4 13
409 453
10 57
224 52
4 12
106 334
31 79
138 147
500 355
496 492
360 493
58 422
63 216
288 391
156 351
52 24
441 178
320 305
414 376
63 9
150 371
100 466
366 39
362 353
301 439
128 121
419 132
25 26
132 443
277 16
123 48
330 35
282 429
74 377
207 211
497 32
218 328
333 389
302 472
487 225
23 286
25 190
197 168
44 163
191 140
292 361
262 447
431 139
371 21
390 29
3 235
227 252
84 380
14 243
77 456
20 411
417 322
82 465
14 3
89 241
366 442
197 23
49 135
377 43
153 402
14 27
316 430
278 343
127 431
454 299
469 222
24 161
173 470
408 363
194 30
383 488
265 75
121 106
308 296
25 277
217 103
312 499
101 104
264 160
17 276
20 192
245 199
82 301
491 191
264 452
498 311
28 38
193 348
113 187
33 306
474 394
55 92
377 123
471 393
360 33
382 279
165 290
234 51
153 500
293 165
90 101
307 396
478 459
359 15
305 66
82 248
262 267
425 381
49 315
54 202
55 317
244 258
256 171
354 203
408 390
51 425
429 460
272 479
488 93
326 480
74 173
420 387
79 405
264 414
150 379
174 46
321 357
307 129
253 2
307 142
110 63
326 271
198 74
216 427
493 116
212 117
46 484
459 326
159 85
259 264
483 230
51 240
295 149
253 8
6 183
83 206
415 325
81 496
304 490
86 356
178 269
91 17
104 417
174 152
441 272
500 55
433 318
366 367
92 170
125 220
155 423
402 215
324 278
226 114
37 354
369 94
215 358
366 467
367 362
188 176
195 259
343 89
366 293
496 64
445 406
435 352
6 372
473 333
139 227
274 324
379 95
274 307
310 295
266 250
174 485
211 397
73 195
141 197
291 262
458 412
229 28
143 436
283 404
144 360
294 438
357 45
60 84
183 455
186 495
120 70
392 53
43 458
471 415
57 204
12 454
12 188
58 83
207 201
39 128
197 108
168 153
225 50
259 209
347 177
46 96
81 145
74 49
26 186
256 308
363 304
393 365
400 141
229 451
30 25
306 80
483 151
252 382
84 113
327 236
173 189
450 207
70 285
419 193
195 448
264 120
307 109
239 150
456 54
12 196
112 77
27 257
258 5
216 68
423 489
187 20
31 233
400 426
337 31
15 433
422 399
500
441 280
33 129
428 447
73 68
70 118
175 274
92 164
63 390
295 104
234 308
320 127
287 482
360 11
116 496
391 383
3 321
123 301
333 438
163 356
498 187
5 354
241 131
64 168
442 63
212 351
147 163
475 452
232 412
205 10
330 454
373 419
117 150
423 313
34 330
105 366
133 391
467 331
57 28
55 5
78 370
465 14
457 409
435 239
413 17
339 285
468 221
232 480
203 397
368 278
239 174
220 469
465 212
109 40
287 114
90 144
344 478
230 260
465 417
162 189
259 107
139 134
247 386
375 4
304 457
231 115
407 166
392 170
235 427
302 401
347 234
489 83
40 360
154 279
203 306
16 154
313 369
371 6
152 43
496 123
442 169
131 406
283 91
242 302
343 334
213 368
480 348
165 225
321 24
225 344
399 147
333 172
498 201
125 289
308 113
60 471
13 177
106 183
137 99
301 93
296 21
228 495
22 13
148 318
104 410
272 237
353 18
302 146
496 296
292 79
422 181
404 320
385 281
165 208
278 44
181 27
203 233
398 19
179 106
486 328
413 202
231 112
497 425
41 248
462 414
185 373
141 82
420 261
198 440
102 299
115 442
40 238
343 241
332 294
406 185
476 269
409 71
464 449
52 90
236 145
223 355
219 316
336 49
178 421
319 436
172 275
38 176
464 105
390 408
38 456
406 393
458 336
94 257
21 413
391 474
438 270
383 305
500 377
440 488
260 312
209 358
389 31
244 291
148 448
323 407
340 477
277 232
192 293
480 319
402 74
190 364
447 77
193 498
173 254
219 297
237 470
56 51
228 392
110 362
139 380
386 287
177 35
184 400
451 422
333 426
232 394
231 461
132 103
346 171
316 199
71 72
4 288
357 389
279 25
222 490
361 140
464 20
482 445
82 446
167 142
259 423
245 137
208 256
350 94
17 160
353 216
300 381
386 120
356 273
395 243
52 73
197 153
246 367
78 240
21 211
111 384
161 175
297 337
261 32
392 335
131 136
332 361
114 207
101 322
174 314
121 372
466 167
352 403
495 158
394 458
376 266
313 235
179 424
69 223
27 228
130 194
308 58
81 96
211 67
219 282
272 69
159 411
370 59
424 286
471 95
50 220
275 195
266 346
418 484
177 128
106 97
86 173
274 473
496 255
301 451
197 465
64 378
231 78
165 311
278 483
392 12
240 363
188 192
192 45
16 119
499 497
363 30
341 33
13 418
393 493
344 204
87 430
34 329
444 253
21 205
135 267
77 353
135 244
128 26
142 415
113 53
304 343
365 443
456 213
4 61
332 210
145 209
384 434
498 111
486 402
163 307
439 200
361 88
45 259
110 218
1 263
14 300
228 236
311 324
429 179
339 65
373 2
45 98
375 277
348 245
463 38
96 191
389 460
495 41
261 117
45 56
63 382
345 290
361 376
56 143
195 100
253 359
287 249
245 247
171 250
294 86
41 110
240 333
177 284
194 64
390 22
367 57
202 141
294 188
158 379
167 152
89 450
263 342
250 271
205 36
313 341
102 159
342 444
231 385
181 317
59 15
30 217
320 84
246 203
299 121
426 464
103 139
446 295
406 349
338 304
227 439
206 242
71 491
129 62
224 92
60 323
306 8
284 215
166 42
163 222
100 500
78 85
24 416
23 315
221 310
205 298
320 489
229 149
458 135
418 52
458 463
386 492
204 395
326 371
481 327
319 76
22 453
86 437
441 276
80 196
347 182
87 494
396 325
4 46
358 34
197 226
447 375
413 214
173 399
7 70
4 148
407 116
346 125
146 37
489 332
251 186
4 138
498 75
311 29
288 16
73 432
298 101
127 161
144 80
119 441
449 246
54 420
465 178
282 347
380 466
11 180
52 485
154 396
11 268
121 230
242 339
101 229
447 155
213 151
226 431
486 475
261 39
497 481
134 499
235 388
332 476
161 429
234 428
198 124
169 272
164 81
382 132
329 130
247 374
422 206
260 7
214 224
185 108
433 350
66 265
462 283
251 50
470 262
432 486
391 165
174 197
68 462
80 472
249 89
219 3
343 345
71 326
447 365
260 405
461 251
245 292
163 109
392 190
444 193
3 468
405 60
135 102
432 252
313 48
67 303
350 455
106 357
431 340
472 387
8 309
81 126
100 338
168 433
239 162
362 184
418 198
245 487
88 66
120 231
269 156
106 47
419 55
52 122
496 352
236 227
438 264
471 404
123 157
69 398
209 435
35 459
98 467
433 9
156 479
193 219
460 133
407 87
55 54
217 23
335 258
500
297 169
456 353
361 389
81 253
303 89
347 459
197 46
57 45
473 36
45 360
135 339
59 450
114 81
270 130
460 487
290 354
52 128
212 207
317 497
298 436
172 248
388 335
286 276
140 23
148 20
253 107
427 164
74 473
406 491
64 481
347 173
166 88
445 365
326 100
490 166
297 11
415 48
312 381
25 299
288 488
317 261
367 292
416 266
273 280
259 102
155 443
205 17
483 284
304 120
229 422
164 492
237 210
70 77
104 160
266 288
153 243
61 184
86 316
51 137
31 175
453 302
266 384
194 5
191 357
306 116
435 376
28 129
390 467
367 366
304 242
452 139
352 52
424 377
476 286
292 397
52 121
235 68
89 412
333 225
50 232
355 329
325 346
39 447
172 87
73 452
9 165
340 212
253 425
254 80
371 55
137 111
477 373
243 146
335 193
384 42
478 12
423 235
297 480
348 154
85 461
40 494
9 142
314 399
321 453
163 54
181 10
361 187
417 159
129 289
499 220
456 124
411 18
78 444
293 236
380 209
361 170
64 123
374 60
218 211
232 308
202 40
23 428
474 26
193 430
102 287
370 74
16 344
200 249
214 101
285 118
36 469
171 108
326 297
249 279
303 16
334 427
182 426
274 442
131 309
241 356
420 460
439 474
143 94
263 371
361 311
186 167
206 394
87 233
209 468
35 96
119 310
402 370
483 115
396 117
89 298
161 348
343 238
307 303
312 372
78 70
156 342
480 463
189 75
363 57
52 35
344 82
339 358
238 153
394 113
430 306
264 29
186 221
330 424
487 387
137 307
89 355
53 119
319 152
113 14
495 285
210 334
380 383
123 251
394 327
223 435
125 439
76 465
292 246
390 406
301 59
355 483
400 202
35 247
160 47
27 199
122 407
496 138
415 195
46 275
374 418
228 432
100 155
283 219
36 294
469 245
482 451
452 484
347 24
68 496
13 361
93 151
24 500
298 457
417 196
89 162
435 140
435 416
134 190
100 149
268 408
467 382
229 438
430 9
39 67
291 472
277 39
212 336
81 259
173 64
485 144
133 390
388 50
182 278
18 328
93 486
293 282
106 330
449 106
58 201
9 319
322 281
310 216
214 229
269 76
108 479
175 374
422 185
196 404
174 401
378 312
425 21
231 433
273 369
482 208
168 237
224 400
208 71
143 362
64 333
124 364
31 471
152 133
444 186
348 31
337 379
39 28
241 270
465 341
229 347
453 65
198 395
358 79
363 112
239 90
381 204
43 441
351 250
129 331
496 156
78 265
486 423
352 192
456 98
284 194
454 189
267 470
49 420
409 300
442 320
433 386
83 367
205 53
284 2
359 277
69 485
168 252
41 171
327 363
8 260
69 126
95 122
37 255
432 41
492 464
429 145
495 6
459 222
269 499
225 13
492 61
30 267
93 30
295 254
344 375
259 385
467 391
286 131
429 134
98 321
173 448
476 396
310 174
37 440
40 226
335 38
172 380
417 179
54 314
457 73
87 324
298 455
436 411
119 168
194 398
144 478
158 419
366 125
386 95
110 325
72 177
246 85
112 205
315 393
387 34
30 27
76 293
66 231
151 283
416 257
249 315
336 414
465 104
21 345
217 402
91 33
454 197
212 493
5 410
440 183
95 272
253 388
283 217
305 200
383 323
498 8
213 454
459 141
50 343
432 458
8 109
470 110
333 84
407 143
293 51
451 62
261 72
270 135
426 417
418 132
142 191
94 136
130 368
206 214
328 258
162 93
451 163
217 227
467 223
438 37
205 58
329 403
484 198
157 19
409 3
373 350
449 178
21 271
229 269
481 97
428 352
399 114
493 63
82 475
410 182
330 213
445 340
2 157
134 332
29 490
366 92
69 161
45 326
481 181
320 56
16 462
449 264
311 304
303 290
491 44
65 83
30 158
303 477
481 482
241 230
97 476
251 188
96 150
278 239
24 49
117 313
188 103
413 359
444 1
399 434
280 431
102 351
75 91
56 206
39 274
68 268
40 413
301 498
276 489
155 456
47 392
301 305
305 234
416 415
11 203
231 244
300 349
424 127
227 66
98 378
352 69
340 256
200 322
53 409
25 228
294 273
271 176
143 446
349 241
452 421
398 317
4 147
281 180
317 7
319 429
243 295
268 172
47 43
99 224
181 296
228 99
251 218
461 449
83 466
494 86
7 337
187 148
267 215
146 318
361 15
280 32
6 291
122 262
292 4
346 338
234 105
20 437
205 22
460 240
227 445
221 25
51 495
109 78
286 263
405 301
500
222 246
395 91
32 380
484 178
410 412
58 100
212 343
204 61
387 25
264 281
345 480
312 413
92 90
133 47
5 108
475 72
169 111
194 102
467 163
225 104
233 323
247 8
101 121
211 464
104 67
337 257
306 345
295 388
243 402
179 215
297 116
444 465
56 447
56 183
270 262
103 290
428 251
406 220
287 134
349 265
63 285
20 377
451 128
319 83
455 376
421 105
180 397
226 56
300 142
417 275
394 299
451 417
17 60
483 28
424 404
319 117
298 210
197 168
273 378
172 389
218 383
486 138
314 26
119 70
234 153
403 396
90 58
412 322
199 331
342 424
61 484
97 68
151 475
162 385
275 52
54 38
167 496
158 468
290 206
280 308
310 132
443 180
143 82
251 224
228 405
64 462
317 366
68 363
317 148
22 155
416 264
187 184
66 87
386 15
200 175
386 449
109 62
317 34
430 500
250 1
390 321
170 335
369 200
78 198
473 297
64 467
222 241
229 190
32 455
125 164
54 4
24 186
61 330
279 185
491 338
135 276
366 439
10 263
322 42
464 418
121 433
78 482
316 5
278 237
389 350
449 135
244 103
23 416
439 341
164 358
359 248
212 23
153 280
406 250
61 415
242 457
384 131
166 234
340 268
415 450
446 256
3 22
220 477
441 423
231 129
1 2
299 162
170 179
239 371
481 255
282 127
486 409
371 315
210 239
463 166
260 10
478 201
465 374
177 274
119 229
289 435
19 291
97 41
317 81
367 222
100 473
186 137
427 440
78 124
326 101
77 422
55 141
311 337
330 177
345 202
489 408
136 319
443 491
214 9
160 24
391 277
57 78
52 136
470 97
333 349
254 288
136 463
136 369
47 483
126 159
451 287
408 428
393 318
268 171
166 295
488 342
1 381
76 75
213 486
379 94
355 317
47 113
228 197
4 471
98 441
344 88
353 123
134 74
385 286
123 425
189 261
242 29
203 390
174 208
435 156
125 360
2 236
322 325
242 63
476 446
76 233
352 225
353 218
500 64
69 466
257 382
432 356
497 199
48 143
43 231
493 391
248 115
228 357
369 304
246 17
310 306
49 16
341 373
210 488
418 80
405 362
229 259
480 313
17 393
54 432
17 176
352 296
58 95
389 278
484 30
431 223
460 40
199 69
67 160
129 328
473 279
483 247
176 98
102 452
208 181
53 130
50 43
442 96
403 351
25 174
150 188
387 219
108 359
441 302
263 269
47 227
108 329
477 307
232 207
381 253
473 430
124 305
250 112
380 443
183 314
96 400
184 36
364 420
310 298
106 474
129 352
381 245
9 326
18 122
193 472
194 282
117 365
407 421
352 372
279 392
487 426
372 216
29 336
295 27
290 292
131 221
100 79
473 272
472 242
223 289
351 53
443 294
498 18
341 170
46 320
212 353
164 167
485 267
23 429
44 384
240 266
372 48
454 419
367 165
109 57
45 401
230 344
249 54
190 205
374 387
207 152
499 434
231 66
36 300
141 487
351 316
317 489
172 398
455 51
457 293
458 154
120 37
211 386
493 139
369 92
152 310
469 84
80 309
19 107
251 182
192 194
99 118
227 126
410 254
40 14
211 146
122 399
52 494
486 110
68 119
129 379
71 195
43 375
131 478
366 93
287 85
108 49
429 33
39 193
472 144
328 427
479 311
395 283
454 327
398 125
447 284
440 485
495 196
176 11
213 211
310 226
481 109
278 6
466 456
373 99
120 334
61 339
481 145
350 252
15 150
53 172
17 232
167 324
194 431
101 32
249 12
237 212
170 340
198 20
21 442
465 169
277 65
212 21
274 140
204 89
71 479
442 149
211 76
339 13
396 460
124 217
285 249
244 438
226 3
464 492
334 497
99 270
29 499
291 161
477 44
432 364
475 436
198 312
136 368
288 495
17 348
33 71
219 451
357 173
252 158
173 469
36 273
407 414
39 7
344 157
401 73
51 204
84 361
76 394
9 106
52 203
190 332
492 355
390 133
180 147
408 444
79 347
470 19
436 459
287 258
150 46
115 35
202 370
382 50
286 481
41 39
264 271
219 244
185 260
288 191
441 333
332 476
74 151
326 445
61 235
320 346
299 192
96 498
7 301
29 490
5 120
411 406
45 403
17 209
332 367
142 454
45 238
397 243
369 31
369 230
290 407
95 228
1 189
2 86
88 411
392 187
83 448
281 461
136 45
315 354
75 240
82 303
206 410
92 59
67 458
235 493
281 214
324 437
263 77
245 453
107 213
71 55
91 470
415 114
500
430 256
291 198
416 9
500 457
327 35
364 316
358 426
225 296
101 55
13 289
397 210
32 203
362 480
260 437
259 225
185 194
453 307
244 33
379 384
286 329
242 257
127 452
472 140
448 45
407 276
409 73
438 189
486 345
419 312
57 172
292 449
371 293
9 213
254 237
185 162
343 423
335 417
439 288
237 403
455 313
21 69
483 386
464 253
325 497
140 163
351 137
93 484
284 331
461 382
408 479
256 454
29 395
242 424
286 243
398 79
70 201
30 204
307 311
487 47
417 477
88 371
460 131
142 109
202 97
138 42
157 389
56 470
486 366
10 13
364 462
150 285
76 132
341 202
345 168
393 383
361 481
228 7
178 302
500 228
487 152
424 347
252 246
233 208
416 2
413 164
259 212
161 151
196 352
495 333
273 291
323 242
304 451
162 499
284 372
130 200
95 270
429 487
65 460
271 281
206 161
180 488
137 429
68 234
307 498
293 328
407 218
148 300
360 64
333 129
207 86
476 360
168 127
326 22
162 297
465 272
126 397
369 443
383 150
240 192
4 98
430 350
265 309
126 53
234 226
250 461
289 117
307 92
492 157
348 240
214 321
310 177
182 122
411 195
385 57
362 308
219 471
317 450
338 387
120 229
155 233
421 90
469 11
78 365
188 458
249 358
114 179
467 34
149 464
186 44
113 430
106 304
465 262
103 121
296 494
33 146
249 135
500 279
316 21
152 418
495 469
209 81
322 283
499 357
30 476
293 408
361 410
232 326
417 250
267 303
335 266
411 318
87 77
78 110
259 491
134 489
415 341
257 191
22 301
234 474
90 211
485 373
112 434
200 215
46 314
29 377
165 184
287 421
17 369
40 330
100 467
9 399
424 115
183 175
105 254
458 363
170 322
181 490
419 466
416 65
94 342
412 374
120 406
63 100
477 181
456 245
415 128
8 89
139 214
81 221
387 4
328 255
98 186
483 136
24 124
409 446
229 187
255 261
171 419
149 441
221 82
121 27
166 433
476 126
455 478
277 70
351 354
417 46
140 370
110 244
99 193
370 468
72 31
382 473
251 155
483 415
224 413
480 231
416 149
266 405
82 456
375 422
29 287
61 113
398 222
51 209
371 49
23 12
380 17
126 361
334 362
74 119
306 453
291 306
90 67
17 224
398 393
341 37
149 16
22 171
128 248
136 475
88 305
430 39
255 378
88 28
230 238
88 160
336 63
97 337
473 247
248 10
350 249
278 265
345 355
470 295
336 398
397 93
178 141
272 167
299 188
280 252
168 216
6 62
232 153
68 332
99 96
97 388
179 18
479 323
164 197
158 381
488 482
360 440
251 91
96 294
462 258
251 52
59 284
155 407
76 268
175 230
412 138
64 5
104 442
251 38
288 59
320 116
330 103
81 376
392 277
379 158
300 185
182 286
238 412
65 227
188 80
127 66
36 223
431 19
166 102
142 356
416 367
166 290
347 401
499 43
361 178
10 51
254 182
183 260
223 335
332 239
353 274
301 217
280 101
328 391
191 416
135 431
390 219
29 267
166 83
403 207
161 170
44 364
152 232
255 463
204 107
18 220
27 282
92 420
489 344
420 492
112 75
274 174
114 264
309 24
4 206
265 444
138 41
142 236
345 319
389 130
104 76
292 165
307 139
346 375
113 15
144 106
328 144
464 496
274 392
342 3
44 495
89 180
350 125
161 26
430 95
188 280
320 432
207 349
178 94
481 32
294 74
342 72
101 85
477 459
178 348
102 327
61 298
295 176
185 292
6 435
231 154
466 334
305 317
455 400
194 30
424 394
180 50
193 353
486 169
452 166
220 20
238 500
485 235
171 205
437 156
96 359
218 396
245 104
255 108
367 427
291 84
184 78
320 111
346 379
410 88
132 404
158 447
130 134
309 275
70 486
230 483
109 448
316 320
238 142
184 143
337 241
314 60
495 145
218 368
369 105
406 439
244 271
398 455
229 325
72 68
336 99
60 402
449 380
327 159
9 340
409 493
383 36
197 6
125 118
308 123
320 173
14 414
51 438
388 390
477 147
460 120
445 259
461 183
289 29
269 133
488 54
344 385
220 148
47 425
495 58
149 351
451 324
193 251
189 14
306 40
7 343
75 48
424 190
362 445
249 339
102 23
10 299
225 269
155 310
342 25
376 315
490 196
354 8
238 278
278 199
171 273
310 428
304 338
350 1
446 485
333 71
31 436
355 409
167 112
437 263
172 56
400 411
290 465
72 336
179 346
60 472
495 61
226 87
500
207 434
408 360
51 491
352 378
110 494
313 362
361 382
392 479
467 109
349 464
198 83
192 13
357 481
52 497
108 84
191 25
145 343
15 475
83 159
243 448
452 377
268 30
69 284
11 371
95 89
35 78
30 43
282 222
354 414
473 108
6 131
337 112
157 281
98 234
151 79
244 179
172 407
39 283
67 480
286 410
69 120
235 226
31 77
233 388
29 408
150 340
45 405
178 463
141 88
219 27
266 263
221 416
308 149
77 250
324 465
163 99
482 262
442 468
127 471
394 196
155 197
334 15
126 370
97 452
13 21
371 332
52 412
13 33
482 106
180 317
168 114
305 401
148 455
191 116
37 209
349 102
464 87
300 246
14 353
130 286
484 95
367 126
347 493
310 40
172 177
193 175
27 235
405 280
143 327
292 326
272 241
435 18
165 81
282 264
37 483
283 309
340 351
437 233
64 391
422 477
206 387
198 110
421 305
222 498
456 34
287 16
199 436
57 427
231 301
312 85
496 426
468 355
151 180
349 229
296 35
43 291
349 124
110 275
50 364
156 163
312 36
170 136
80 191
321 432
301 258
149 165
321 411
309 141
246 148
324 104
485 9
70 164
318 121
235 90
480 496
331 334
368 173
172 428
148 174
313 399
99 314
300 178
446 6
94 392
370 46
406 129
420 107
301 342
498 500
422 227
156 396
132 489
41 188
333 238
73 297
325 70
44 398
66 265
86 270
105 72
136 48
430 443
337 143
467 347
446 368
128 219
190 65
227 437
408 449
401 269
191 145
464 467
189 330
330 413
488 373
327 182
162 220
56 67
141 482
203 133
208 172
69 357
394 28
389 41
256 190
354 168
275 139
224 243
334 403
113 266
53 212
480 325
216 406
361 318
207 473
368 380
176 316
264 1
384 296
465 56
118 333
450 153
370 372
181 417
129 213
110 119
260 5
20 381
36 365
388 311
200 430
379 206
334 230
94 300
85 193
499 20
343 140
188 386
167 10
25 425
154 435
130 232
248 12
489 82
186 256
81 272
75 453
160 93
398 134
444 53
31 98
458 252
334 429
132 156
82 456
500 91
240 166
201 476
229 354
436 338
32 181
292 97
341 128
452 478
241 385
45 74
45 257
341 73
436 31
492 421
313 228
44 157
299 86
36 363
16 472
460 240
262 490
122 152
97 261
384 123
368 155
245 271
353 495
28 339
330 322
254 44
199 63
234 404
489 11
92 293
264 239
99 26
102 279
89 395
326 457
6 161
55 224
378 29
438 441
259 49
481 466
142 71
355 259
96 194
92 306
47 375
266 303
310 80
346 169
230 400
222 24
328 64
282 146
459 215
39 125
19 231
440 470
470 336
425 253
29 383
459 454
222 420
411 142
336 204
293 96
285 22
357 459
149 485
237 199
238 358
35 267
328 237
478 320
283 137
146 307
152 3
264 415
33 299
17 186
121 162
35 487
481 431
302 195
497 285
222 202
85 247
310 366
182 341
44 60
240 423
79 278
400 389
241 127
270 287
161 288
464 100
199 348
73 144
267 310
71 94
200 37
74 118
337 319
248 14
161 211
111 321
416 328
268 216
227 439
172 337
373 390
80 324
79 57
167 2
36 249
110 47
395 122
487 277
478 32
439 273
225 221
56 45
419 132
259 345
471 61
306 66
365 295
89 460
159 205
232 19
69 444
183 438
288 349
253 200
96 208
131 352
484 486
310 58
42 248
313 492
48 242
281 369
331 282
321 461
144 409
298 105
407 17
15 62
141 304
388 52
219 245
334 92
243 183
486 170
451 51
498 198
109 474
99 394
332 185
399 50
500 446
281 361
260 276
101 184
459 151
385 402
234 54
119 442
269 76
185 393
36 244
327 499
265 445
376 344
271 422
159 154
218 308
426 7
42 367
280 207
286 458
2 201
87 379
215 440
494 192
63 329
128 138
164 113
366 147
181 462
188 218
182 135
482 376
367 384
47 171
173 210
332 225
324 68
318 236
487 39
297 374
408 42
314 223
141 298
3 359
88 203
176 484
275 488
321 450
326 289
353 160
363 433
247 424
163 255
110 251
497 150
298 397
454 331
229 419
493 323
175 451
396 302
315 101
473 187
402 313
168 8
445 292
7 447
15 103
328 294
247 335
142 254
336 312
395 69
365 315
316 75
3 346
160 38
187 274
87 111
3 290
479 167
242 268
335 217
173 117
382 189
346 350
228 55
252 260
356 176
437 418
45 469
489 130
358 158
50 4
291 214
3 23
131 115
205 59
500
104 126
207 449
298 288
140 337
457 162
177 367
128 428
338 305
399 275
464 490
331 471
21 257
447 207
47 306
399 310
65 389
307 141
331 35
400 344
220 351
437 98
168 329
8 417
214 190
360 174
107 272
316 120
341 200
468 137
190 418
395 266
27 486
135 79
282 374
207 416
391 23
375 163
79 194
38 72
166 271
56 67
334 215
311 398
400 325
10 216
293 239
62 301
352 429
480 413
269 153
44 421
482 47
68 262
407 116
454 91
477 420
147 443
302 290
340 330
218 482
53 208
151 480
386 159
82 181
409 237
360 203
223 60
286 209
398 317
303 426
445 437
464 485
493 55
225 277
446 285
220 147
499 488
451 185
67 152
203 133
374 51
416 81
259 333
319 286
223 113
314 248
469 77
375 424
30 2
40 125
463 222
203 228
190 371
345 187
165 8
183 235
353 17
112 226
243 400
289 241
103 281
299 135
85 456
197 342
197 468
35 462
227 16
254 411
453 440
280 93
146 245
112 451
471 459
254 454
165 217
60 158
219 340
74 191
384 352
168 384
366 326
474 33
196 251
10 335
293 369
160 332
329 199
339 483
249 363
178 240
45 439
474 260
324 103
193 377
277 394
360 34
250 45
372 76
165 117
94 109
382 188
178 463
262 118
122 405
400 129
468 6
298 236
136 220
483 197
105 252
322 21
487 355
254 183
189 100
203 391
196 406
194 138
354 348
223 184
141 474
191 140
218 12
408 298
431 491
256 494
51 338
258 96
226 11
343 432
19 146
141 1
49 52
73 476
235 327
93 89
7 300
275 214
11 95
70 493
73 446
333 83
221 115
209 464
214 291
316 472
69 145
424 102
73 250
460 225
467 455
393 315
146 86
64 469
252 87
87 134
127 407
184 354
87 319
92 442
464 431
436 165
171 150
211 258
483 97
126 323
195 284
281 481
487 154
208 346
149 435
323 397
332 349
2 156
140 172
17 368
91 164
363 359
441 470
410 467
200 282
166 4
60 127
216 19
117 427
336 249
463 364
307 321
264 496
331 393
312 170
334 90
229 9
484 29
158 68
150 80
285 189
326 322
481 144
360 139
489 204
104 99
440 106
375 30
306 307
467 320
1 461
484 297
497 161
443 309
62 48
280 111
279 386
186 10
113 26
457 24
228 289
81 385
400 345
250 341
463 104
212 331
187 378
178 392
9 497
204 360
283 261
299 28
48 66
397 119
363 169
380 287
400 37
117 334
230 263
349 63
377 478
252 279
164 357
226 205
258 54
472 178
37 475
141 160
309 193
403 383
242 425
13 268
250 168
122 270
29 294
38 362
96 50
126 49
55 489
247 387
307 445
73 314
218 409
243 296
297 347
191 57
165 224
308 372
329 410
393 267
306 243
308 358
168 465
68 299
243 433
112 447
312 278
447 92
11 71
383 105
316 244
18 148
76 201
265 73
19 180
494 265
361 353
421 283
29 128
451 25
346 498
208 256
423 142
459 65
426 292
89 218
301 269
404 453
273 171
277 75
483 108
223 5
63 312
78 41
39 122
272 253
185 247
216 316
337 419
276 192
435 232
400 408
128 500
418 402
68 259
7 107
87 61
15 78
96 381
363 84
415 430
228 450
279 473
341 234
286 452
442 254
497 412
377 130
1 157
274 444
241 295
366 59
475 255
403 15
96 176
469 18
45 227
143 219
489 441
128 123
126 198
87 182
134 195
277 495
361 401
307 213
45 231
215 324
447 22
38 434
11 94
109 155
275 264
444 229
197 131
29 390
177 74
28 328
17 304
347 143
174 396
366 380
258 460
40 58
339 121
275 149
162 175
281 318
204 69
330 404
244 366
486 458
484 38
272 151
85 365
230 88
258 13
200 85
75 350
138 274
321 448
69 484
137 280
30 308
187 382
291 479
149 112
431 466
53 177
144 43
316 457
497 62
369 302
243 422
398 423
116 70
227 32
90 210
94 438
413 273
352 230
94 40
461 373
390 39
211 64
334 36
380 303
334 14
18 202
294 336
312 492
132 46
306 20
30 44
416 414
489 114
465 3
414 356
492 136
383 221
129 477
265 7
268 499
309 276
240 311
218 242
413 395
239 375
488 166
458 223
213 212
345 31
347 211
142 436
39 56
143 233
77 101
121 196
107 167
174 415
298 376
422 238
146 370
194 361
380 179
188 173
248 124
253 313
410 27
92 246
143 403
242 53
365 42
226 186
173 82
3 293
266 343
483 379
373 206
24 339
205 110
107 388
265 487
258 132
