50
10 20
3 99 96 11 35 99 90 39 73 68 
5 9 8
5 7 6
1 2 5
8 4 2
4 5 3
3 4 9
8 7 4
4 9 4
7 4 3
9 7 7
6 7 4
9 8 7
1 5 6
7 2 8
6 4 4
6 10 10
10 9 2
6 9 8
2 3 7
1 6 7
3 37
10 20
83 52 24 71 88 1 85 41 80 19 
5 10 10
1 5 4
2 7 7
8 4 8
6 9 9
10 7 9
9 8 10
2 1 7
5 8 9
3 2 7
6 5 2
4 5 7
8 10 6
6 2 2
8 7 5
7 6 9
4 9 1
5 3 7
9 10 7
5 2 8
39 2
10 20
35 75 17 12 26 47 44 30 35 52 
3 1 7
3 6 2
5 3 3
8 3 3
8 7 8
8 4 5
8 6 3
5 7 6
3 4 8
4 9 5
1 6 7
9 7 3
6 4 3
4 5 2
10 7 2
10 6 1
5 9 1
2 3 3
10 8 3
9 8 5
23 29
10 20
37 21 52 1 58 42 7 74 47 93 
6 5 2
3 4 10
5 8 1
4 6 1
9 4 6
5 3 5
9 7 8
8 3 1
7 10 8
2 1 4
7 3 1
10 9 10
7 5 3
1 6 8
7 8 1
10 8 1
5 10 6
4 1 8
7 2 5
8 9 2
22 90
10 20
23 65 71 23 17 8 11 13 73 40 
3 5 10
6 2 9
3 4 5
7 5 1
7 6 1
5 1 6
2 5 3
3 8 4
10 7 1
9 8 10
8 10 1
8 4 4
9 10 6
6 4 6
2 1 10
7 9 5
9 5 7
7 3 4
4 2 6
4 1 7
16 30
10 20
24 78 13 57 17 100 31 41 41 42 
7 4 5
3 6 6
5 10 7
5 8 10
2 3 1
7 10 8
7 8 2
4 9 6
1 3 5
2 1 4
10 6 9
1 5 6
4 6 2
6 7 6
8 3 5
8 9 6
1 6 4
5 6 9
7 2 7
5 2 2
22 9
10 20
66 15 98 85 94 92 39 2 34 4 
6 5 9
9 6 6
4 9 3
10 9 9
8 7 7
1 5 6
3 7 10
5 4 4
5 7 1
3 2 7
3 8 3
4 3 5
2 1 1
7 4 1
2 7 6
6 10 10
10 5 4
1 3 10
2 6 3
10 8 7
48 3
10 20
34 17 83 43 89 66 97 64 41 31 
3 6 9
8 5 2
10 5 10
8 4 4
7 2 5
7 3 3
9 4 6
5 3 1
2 3 4
6 5 8
8 10 5
9 10 5
1 2 8
4 1 8
9 7 8
1 6 3
6 10 9
7 10 5
9 8 7
2 4 6
28 3
10 20
87 15 3 96 2 3 39 89 47 99 
2 7 5
9 8 7
4 9 5
3 7 8
6 3 8
5 9 10
9 10 8
6 1 5
4 2 3
8 7 2
2 6 7
9 6 1
3 5 8
6 8 4
7 10 8
6 10 3
3 8 2
4 5 7
6 7 8
5 10 2
70 35
10 20
64 94 67 38 44 88 30 33 22 11 
1 3 8
3 5 4
6 7 4
3 8 4
4 9 7
9 5 10
8 4 8
7 4 5
5 4 7
3 2 4
10 9 4
10 7 10
9 6 9
2 1 6
2 4 1
5 7 2
6 3 4
10 6 10
8 7 7
7 2 4
2 11
10 20
69 88 13 78 21 15 58 51 15 24 
6 2 9
3 5 9
5 4 3
7 6 6
5 1 2
5 10 7
7 8 8
2 1 6
5 7 7
4 7 4
3 2 1
4 2 2
10 9 2
3 8 9
9 6 1
6 1 4
7 2 5
9 4 5
6 4 9
10 7 1
54 5
10 20
1 37 31 46 42 57 55 8 27 16 
5 10 10
2 6 1
3 8 4
4 1 6
4 7 6
2 4 9
1 2 4
6 7 1
3 7 10
4 3 8
10 7 3
9 7 7
3 1 5
7 2 10
5 8 10
1 5 7
7 5 10
5 2 5
8 10 5
6 3 5
1 9
10 20
6 80 82 42 69 96 15 55 95 55 
9 4 10
10 5 9
1 5 9
8 4 3
2 6 9
2 7 2
8 7 3
1 4 7
10 7 9
6 8 10
3 4 3
6 3 7
4 7 3
4 5 4
7 3 10
6 5 5
8 9 10
10 9 3
5 3 3
4 2 2
3 35
10 20
15 7 75 9 42 17 68 87 27 87 
2 6 4
7 4 2
10 5 10
10 7 1
8 3 6
4 9 1
2 4 9
2 7 2
5 1 1
7 5 6
5 6 1
6 7 3
9 10 9
8 5 7
3 4 6
4 5 4
1 4 1
5 9 9
3 2 7
3 1 1
5 8
10 20
20 67 46 76 95 30 96 59 95 4 
2 6 2
5 10 7
9 6 7
7 6 9
3 4 5
7 3 1
1 6 2
5 9 1
4 7 8
4 6 3
3 6 8
3 8 6
4 8 9
10 9 2
9 4 3
3 2 4
9 8 5
5 6 5
1 4 10
7 9 8
9 3
10 20
49 33 62 19 14 20 82 91 21 37 
8 5 3
10 8 6
4 6 5
5 9 9
4 7 8
9 6 5
9 4 3
6 1 6
8 7 1
3 1 1
3 5 5
7 3 9
9 8 4
9 10 5
2 3 2
1 2 10
5 4 10
5 10 8
7 5 10
5 1 2
42 35
5 6
10 5 4 7 5 
1 2 5
1 3 7
2 3 1
2 5 8
3 4 5
4 5 2
10 2
10 20
84 67 61 83 70 18 22 34 87 93 
3 7 10
1 2 10
7 2 8
9 10 5
4 8 1
4 2 9
10 8 8
2 5 6
7 8 3
1 3 5
6 9 9
4 3 8
9 7 1
6 8 3
4 5 9
9 8 7
9 5 7
4 1 9
7 10 4
1 5 6
74 59
10 20
67 93 93 53 78 36 52 63 60 54 
5 9 7
7 6 2
7 2 10
5 8 7
8 10 1
7 8 8
4 7 5
4 1 4
6 8 10
3 1 7
6 4 8
5 3 3
4 8 3
3 2 9
10 9 4
7 3 5
10 5 5
2 6 5
8 9 1
5 6 2
16 11
10 20
72 70 23 67 95 71 11 33 5 16 
6 7 3
6 9 7
3 6 10
9 7 9
3 2 1
9 10 2
4 3 5
5 6 6
1 4 3
6 10 9
5 1 5
2 7 9
6 1 9
8 5 5
9 5 9
9 8 10
4 2 2
7 10 9
5 3 1
5 2 4
35 4
10 20
98 80 80 95 27 42 65 26 23 88 
7 6 5
4 3 2
2 7 2
7 3 4
8 10 10
1 3 7
6 4 1
6 3 10
6 2 4
4 2 1
4 7 4
6 5 8
7 9 2
9 8 4
5 9 1
4 1 10
3 8 7
4 8 4
8 5 8
3 5 10
50 19
10 20
40 15 18 11 57 97 18 27 71 94 
7 8 4
7 10 4
2 5 1
2 7 9
4 1 5
7 5 6
9 10 6
6 2 7
8 10 4
6 5 5
5 4 7
9 8 9
1 3 6
9 5 3
3 2 2
8 4 2
6 8 9
3 5 8
4 3 7
6 10 1
30 37
10 20
79 37 66 87 70 95 34 59 64 35 
7 8 6
3 6 4
9 10 9
4 9 1
7 3 5
2 7 7
6 2 1
1 4 6
8 3 7
4 5 8
1 6 3
4 8 4
1 5 5
4 7 7
5 10 2
6 10 8
10 7 2
2 1 3
4 3 9
3 2 4
26 6
5 6
10 5 4 7 5 
1 2 5
1 3 7
2 3 1
2 5 8
3 4 3
4 5 2
10 2
10 20
73 24 64 36 33 48 44 44 43 39 
8 3 8
9 7 7
1 3 2
3 6 10
6 2 5
6 7 2
6 9 6
4 5 4
2 4 4
2 1 7
4 8 7
5 10 7
2 5 7
7 2 3
4 6 1
6 8 4
6 10 5
9 8 7
7 10 5
7 3 10
59 14
10 20
7 77 84 92 16 62 53 40 75 25 
5 4 5
8 10 5
2 1 8
8 3 9
4 9 5
10 6 1
3 4 9
3 7 10
3 5 8
6 5 4
4 1 5
10 9 2
7 6 1
1 5 3
9 5 3
2 7 9
7 10 4
9 7 1
6 4 7
3 2 5
1 15
10 20
58 10 46 25 75 84 73 55 43 20 
5 4 6
6 10 7
9 7 6
6 7 10
8 5 9
4 1 4
9 5 1
4 6 5
2 1 6
8 10 6
7 10 5
7 5 4
9 10 1
9 8 2
5 3 10
7 2 3
2 6 4
9 4 6
5 2 7
1 3 3
12 20
10 20
36 28 64 98 26 87 92 72 98 10 
1 2 10
5 6 2
2 7 1
8 6 3
9 6 6
4 8 10
3 5 1
9 8 3
10 7 8
3 6 3
3 8 4
7 4 8
7 6 9
1 4 7
3 4 7
5 8 6
1 3 7
9 7 9
7 3 7
4 6 5
26 2
10 20
83 56 49 76 79 94 1 22 28 56 
6 8 5
7 5 6
10 8 5
8 5 4
6 3 2
7 10 3
9 8 5
5 4 10
4 6 2
10 9 7
7 3 10
7 9 4
4 8 4
9 4 3
6 9 8
6 7 5
7 8 10
6 5 5
1 6 8
6 10 5
4 21
10 20
33 38 51 80 24 68 87 98 34 40 
7 5 9
5 6 3
1 4 3
4 2 5
1 5 3
4 7 6
8 6 3
8 5 7
8 4 6
2 3 7
5 3 9
3 6 9
10 8 1
9 5 2
10 5 1
8 3 10
4 3 5
10 6 3
7 3 5
5 4 10
28 13
10 20
38 24 55 86 45 80 82 74 60 62 
6 9 5
7 2 9
5 7 2
3 1 9
10 5 7
1 4 1
8 9 1
7 3 1
7 8 5
9 7 2
3 4 10
6 5 3
3 8 5
4 2 4
3 6 8
10 7 4
4 5 9
1 5 4
6 2 2
3 2 6
24 37
10 20
35 81 55 74 24 88 96 18 29 54 
9 8 5
5 6 7
6 8 8
9 10 5
3 1 1
2 5 9
9 7 5
7 8 2
5 3 2
7 2 5
6 2 10
8 4 8
6 7 3
3 4 4
4 5 7
4 6 9
6 9 9
1 5 2
1 6 6
5 7 3
31 20
10 20
23 45 41 36 45 60 6 81 40 80 
6 5 4
2 4 4
8 9 7
6 9 1
1 2 2
2 6 1
3 1 8
7 2 8
7 8 7
6 8 7
10 8 8
8 4 6
5 3 7
6 3 10
6 10 4
5 2 6
4 6 1
1 4 4
3 4 1
5 4 6
11 78
10 20
98 48 4 45 21 41 18 64 6 75 
6 5 6
3 4 9
3 5 5
9 10 7
6 2 3
6 1 6
8 9 3
9 5 4
7 10 4
6 10 9
2 1 4
7 4 6
6 3 4
2 3 6
8 6 9
7 6 3
4 1 10
4 9 1
8 3 4
6 4 2
90 25
10 20
96 65 79 70 90 52 20 38 38 89 
5 8 10
1 4 4
3 2 5
5 10 7
10 8 3
5 3 2
7 10 1
8 9 5
3 1 6
1 6 6
9 4 2
8 3 1
6 3 2
6 8 8
2 7 1
9 5 7
5 4 1
3 4 4
4 6 1
1 2 9
48 59
10 20
24 81 93 57 46 97 17 68 64 100 
8 6 6
1 3 1
2 5 10
8 3 3
9 8 9
7 8 7
5 8 4
10 9 6
7 4 4
6 2 2
9 7 2
10 5 5
1 2 7
8 10 4
3 2 3
5 1 8
4 9 5
2 4 1
7 6 10
3 4 7
8 9
10 20
23 24 4 93 59 93 11 25 79 4 
8 9 9
9 6 3
6 5 6
3 6 10
3 4 9
9 10 6
4 7 9
2 1 1
10 7 7
2 6 4
1 6 1
10 5 9
1 3 2
2 4 6
6 8 8
9 5 1
7 2 1
5 7 7
7 9 7
2 5 10
19 4
10 20
32 78 46 7 29 78 41 88 47 15 
6 8 2
6 7 4
8 7 5
8 3 10
10 5 6
3 7 6
10 9 7
6 5 6
10 8 3
1 5 3
8 4 10
1 4 7
9 4 4
2 6 5
5 9 9
6 4 2
6 1 7
2 5 3
10 6 10
5 3 10
11 15
10 20
60 26 11 71 83 60 39 70 15 86 
6 3 6
3 1 2
1 5 2
4 1 5
1 6 3
9 10 2
4 8 1
6 10 6
8 3 3
6 9 10
3 4 1
7 8 8
2 7 9
7 6 9
7 9 7
9 4 7
7 4 7
3 5 2
2 1 5
5 8 8
35 20
10 20
49 53 90 67 19 18 50 47 94 97 
3 6 5
6 7 10
2 6 5
8 9 9
3 8 3
8 5 10
4 8 7
7 8 2
9 4 6
2 7 5
3 5 5
1 5 7
1 4 5
1 3 6
10 8 3
3 7 8
9 10 6
9 6 2
10 6 9
4 5 10
21 78
10 20
22 15 79 76 9 98 82 2 5 43 
8 6 9
6 7 8
8 5 4
5 1 6
1 2 5
4 6 4
9 5 6
6 2 4
1 4 1
5 3 10
4 3 10
1 3 3
7 2 6
6 1 5
8 4 5
3 7 2
7 4 3
7 5 10
8 3 7
4 5 1
14 17
10 20
67 24 44 2 87 9 91 53 8 53 
3 5 2
4 7 10
3 6 2
10 5 7
6 7 1
8 5 9
2 5 6
4 3 1
2 4 7
10 9 3
1 4 3
4 8 5
7 10 5
5 6 7
7 3 10
10 8 6
9 5 6
9 8 6
2 6 3
3 1 6
19 48
10 20
13 63 6 60 23 68 40 79 85 67 
7 10 7
5 9 2
8 4 9
1 6 1
5 3 4
7 8 7
4 3 6
8 9 10
6 8 8
7 2 7
1 4 6
2 5 4
7 6 8
5 4 4
1 5 2
10 6 7
7 9 7
3 1 6
2 6 8
6 3 7
6 54
10 20
18 65 15 28 4 15 84 27 44 8 
5 1 9
8 10 3
10 9 9
3 2 3
3 8 5
6 3 8
9 6 3
7 10 2
8 5 3
4 9 6
9 8 3
3 5 3
4 5 3
5 10 10
9 7 4
6 5 6
7 6 8
7 3 1
7 5 7
2 1 6
4 7
10 20
50 39 67 65 83 52 92 28 36 1 
2 6 10
6 4 6
8 6 3
5 4 5
2 3 7
3 6 5
5 10 2
6 7 5
1 3 2
1 6 3
2 5 8
8 4 5
6 5 10
4 7 5
9 10 2
3 7 5
8 7 3
8 9 3
4 9 4
6 9 2
27 1
10 20
19 18 66 59 93 47 31 71 96 91 
7 5 5
2 5 6
3 7 2
8 3 6
10 6 10
8 9 7
4 8 7
5 4 4
5 3 8
6 1 3
9 4 5
4 7 7
10 8 2
8 5 10
1 3 7
6 7 8
6 2 5
6 5 5
3 2 9
5 1 1
17 56
10 20
87 82 44 72 21 18 30 2 98 35 
4 7 7
2 7 3
4 5 10
2 3 4
2 5 3
8 6 1
7 6 8
6 1 4
5 7 3
8 9 1
5 10 6
8 5 4
2 1 7
1 5 7
6 4 1
6 10 6
6 2 1
6 9 10
6 3 1
7 9 10
27 24
10 20
71 27 21 51 23 42 97 17 61 96 
9 4 6
6 5 3
2 1 8
6 7 5
2 4 4
7 9 6
7 8 10
5 9 9
8 6 2
3 2 10
3 8 9
9 10 4
6 3 1
2 5 5
5 10 7
8 4 6
2 7 1
3 1 4
5 4 5
1 5 8
33 16
10 20
66 20 62 44 86 5 94 87 2 60 
9 10 10
4 6 2
5 3 2
2 6 1
3 6 5
8 4 1
10 5 5
10 6 6
6 1 3
2 5 3
6 9 4
4 9 7
3 1 10
5 9 9
2 7 4
7 4 8
8 5 8
2 1 7
2 4 2
8 9 6
27 46
10 20
51 25 76 56 44 24 24 21 53 23 
5 1 9
3 1 4
7 9 8
1 4 1
4 8 5
7 6 5
3 6 3
5 4 2
2 3 4
9 4 9
7 2 1
10 6 1
2 1 9
8 10 6
4 2 6
1 6 4
10 7 1
2 5 7
7 4 4
8 3 2
34 10
