100 500
10169 16638 88044 4949 17920 92833 77423 2728 97690 87427 28972 60827 5431 22958 37838 99161 39100 49964 40500 9164 36510 55430 69302 28676 49093 89360 12993 2436 69513 58038 90843 74929 9670 96188 71481 30731 12652 71992 94253 90821 97574 21181 5090 16118 86352 62190 59198 76037 43411 96666 22812 28514 20478 57040 44236 92499 69812 13801 3587 33063 7819 48626 97659 29343 86695 84790 72166 40524 50326 13892 42203 56097 85583 81135 39483 646 40296 27497 84831 42333 55547 12067 83918 90291 67076 81602 58890 93469 81296 63179 96985 69285 99240 48884 55033 35221 63370 67777 76256 28531
17 26 7694
45 3 5866
69 25 8136
68 51 5569
26 33 8212
91 94 4259
100 93 2628
74 43 1888
48 52 421
62 80 250
91 72 7702
43 90 8639
20 10 931
50 79 4701
57 46 8695
44 55 1265
70 62 383
44 58 8634
4 20 3967
60 21 5861
33 66 8901
68 54 1584
57 15 3833
43 51 3049
43 83 5441
59 94 6029
47 1 3534
38 1 3882
90 45 2821
98 81 154
23 70 5391
65 17 1753
25 40 1587
89 40 5832
8 55 3574
64 29 5763
39 54 2107
61 51 7451
53 5 1859
54 66 4719
42 69 8415
77 46 9575
53 44 8421
37 60 6609
8 54 5136
61 26 5117
92 47 6484
47 20 4904
88 43 1044
29 75 6716
93 73 9395
71 55 9424
11 57 2803
54 28 6753
75 48 6750
65 30 1509
47 17 1229
81 75 9080
69 39 6658
52 41 7705
7 47 4336
12 16 450
83 53 1934
20 29 5602
34 84 8239
100 83 1053
15 42 7106
96 100 7784
61 69 9179
95 97 6185
75 71 9696
75 65 5682
53 40 9951
77 53 3174
54 4 1068
97 72 5199
16 49 6146
53 62 4133
3 17 3101
77 44 958
29 46 5744
53 55 4716
50 2 7081
70 69 1055
47 27 1446
62 72 7822
69 84 2494
100 66 1457
44 60 8639
51 100 2265
57 95 7124
57 73 3430
71 40 9640
100 53 7580
59 13 2704
55 50 5643
61 83 4405
22 43 7604
86 96 4813
70 30 7840
53 66 2953
60 43 7902
75 84 9847
95 54 8748
69 38 2740
71 31 3218
60 25 4719
58 98 5920
70 63 9093
100 50 8567
46 73 6427
33 8 4753
52 49 9784
8 6 360
12 6 1041
46 54 8974
72 53 2292
1 44 2063
48 74 9452
39 70 6790
39 40 5329
76 44 7728
96 64 4722
67 59 5480
66 31 6334
17 53 6286
35 64 4506
41 50 3440
48 34 7260
24 15 2193
48 95 2916
86 89 8387
55 56 3319
25 48 1879
14 46 4024
48 22 3114
46 8 9341
49 38 7224
75 49 636
3 47 319
60 94 5721
81 69 9889
4 35 5590
31 26 7558
18 13 456
91 79 1737
91 71 3328
61 28 963
59 18 733
59 98 7409
38 54 595
35 15 6638
35 65 8112
89 71 1192
37 59 4757
91 56 4295
58 100 4921
30 75 9451
50 30 5644
87 58 2798
62 75 3652
74 60 8472
28 40 3929
27 73 5512
54 83 5383
15 31 1456
63 96 1606
89 100 6927
6 18 3242
28 38 770
29 37 3395
4 3 6092
80 88 2816
44 68 4118
75 95 329
94 99 3666
90 58 4464
13 44 1194
82 45 6766
31 8 2695
84 72 4516
54 11 5107
73 87 4312
92 95 4987
46 2 5992
89 97 8394
26 21 2955
25 5 9163
38 53 2905
91 99 2448
65 52 8229
67 29 5207
32 20 7050
46 62 6328
17 24 861
59 82 5962
37 69 410
88 58 1938
53 11 4086
23 59 2017
34 47 7115
91 95 6799
73 82 2082
29 19 4223
57 13 8156
99 68 7409
93 52 6915
59 75 3941
36 5 4230
100 78 2099
78 53 9369
10 8 1597
30 11 5841
51 95 2959
86 74 7860
59 97 8478
31 77 2419
59 31 2204
76 93 7177
94 58 5165
54 50 7417
49 55 5229
56 12 8350
17 57 9627
56 51 4564
3 27 5054
78 90 5945
73 74 3772
65 62 9974
66 22 6154
46 85 4275
1 8 3064
68 42 3623
54 82 5512
41 45 9876
62 69 8916
86 48 1509
31 33 2206
29 38 1887
82 91 6025
55 16 7960
24 30 4953
90 100 108
22 56 8541
84 48 3329
49 17 131
91 67 7703
35 45 1622
81 49 8542
43 27 2279
85 36 9668
8 42 9783
41 29 9422
22 4 6332
68 52 8810
100 65 1818
13 47 9082
62 18 1002
55 72 2966
79 74 8336
85 65 6157
49 19 6820
39 26 8980
3 38 2972
34 65 693
68 48 2846
17 37 1823
29 11 8847
43 6 6454
27 75 1806
42 62 1030
38 88 4673
20 11 8701
1 6 7447
52 62 2120
30 10 3370
64 37 8440
10 13 8861
20 48 2962
6 53 4909
75 44 3287
83 74 3939
16 6 4041
2 1 616
34 3 3733
31 45 8422
58 35 9861
3 35 7194
26 66 2076
46 83 4414
98 52 9401
78 61 6879
58 33 4091
34 67 4360
18 23 4444
37 26 5894
75 58 4973
9 12 7484
42 19 9224
83 82 4394
25 39 1040
39 85 6316
100 97 6783
75 28 8860
68 35 6878
26 29 900
22 36 2564
32 19 898
51 6 6489
60 49 3798
15 5 8276
46 45 3992
46 89 9700
25 1 3759
38 41 1605
43 31 359
77 54 5479
54 20 1515
89 76 5794
83 47 1750
26 27 2752
52 35 2869
98 75 7795
70 44 9788
50 35 1300
11 45 5386
30 3 9832
47 84 4952
4 7 8884
51 69 1754
12 61 2961
33 36 7088
41 90 806
30 71 4725
92 69 3921
61 43 6095
76 59 5868
34 22 3719
65 83 1164
56 15 3460
33 41 2584
53 29 5357
42 51 2478
27 28 2079
63 91 6950
81 97 3396
31 30 3893
19 46 577
2 41 4186
51 65 9818
39 60 1676
38 81 881
29 8 8796
52 92 9375
45 15 6105
55 77 3152
38 45 1886
77 57 4027
1 48 9810
22 55 2228
40 13 9161
28 78 3091
42 3 1677
62 93 3715
49 92 7621
64 84 9773
73 49 4778
71 69 7462
64 78 5476
70 50 6254
61 77 7463
60 38 8995
93 89 5166
56 16 1493
38 24 624
19 57 698
90 47 2760
13 32 6524
44 88 389
17 23 670
33 71 3073
63 32 5898
63 57 9009
72 82 1697
100 62 5983
73 50 2740
13 33 3676
47 53 557
85 52 7084
49 67 3011
42 87 846
23 28 3781
38 27 487
60 50 1193
41 80 5823
92 60 1934
59 68 3580
100 59 3992
38 7 8813
7 26 1206
73 79 8970
55 38 7650
7 28 1460
37 2 7684
75 31 1260
42 92 1228
32 8 3521
89 45 7908
22 39 447
31 73 3895
2 48 3487
7 52 9843
36 58 710
65 91 9785
66 25 648
55 96 1693
87 65 3221
46 79 3808
58 89 721
84 80 8982
14 47 4120
54 61 9909
27 76 6529
72 89 8108
84 56 1151
71 87 1715
90 98 6430
58 23 6903
91 78 1029
19 50 5784
44 74 8248
29 2 212
5 16 5924
42 70 8196
67 73 2580
62 59 2397
9 21 4558
36 18 1662
52 28 3480
47 31 9568
24 47 4637
51 94 1565
64 99 64
86 38 592
60 33 9453
84 73 9214
29 24 1267
33 68 7163
14 3 8991
59 49 2030
88 61 5838
55 64 5269
80 44 4372
14 41 5592
6 19 4111
14 42 1058
27 49 4049
87 86 8467
56 33 3767
74 35 8641
72 96 9829
71 23 4463
96 52 7234
36 25 9506
73 40 5572
64 22 4792
35 53 1945
71 34 5151
37 81 8993
69 57 6088
72 54 7657
38 37 2663
35 8 2810
95 98 4829
50 84 5038
76 40 1267
79 94 7228
23 66 2054
16 50 8424
25 13 5189
67 78 9887
56 7 7450
27 40 4446
50 43 5685
99 83 6004
90 68 6488
42 35 5479
26 19 9195
15 32 402
80 56 7763
44 15 9322
31 42 2448
59 9 9876
34 11 182
54 43 2837
51 90 5073
51 21 2253
75 67 8994
26 28 461
18 58 3450
9994 5894