1

10 20
35 81 55 74 24 88 96 18 29 54
9 8 5
5 6 7
6 8 8
9 10 5
3 1 1
2 5 9
9 7 5
7 8 2
5 3 2
7 2 5
6 2 10
8 4 8
6 7 3
3 4 4
4 5 7
4 6 9
6 9 9
1 5 2
1 6 6
5 7 3
31 20

10 20
87 15 3 96 2 3 39 89 47 99
2 7 5
9 8 7
4 9 5
3 7 8
6 3 8
5 9 10
9 10 8
6 1 5
4 2 3
8 7 2
2 6 7
9 6 1
3 5 8
6 8 4
7 10 8
6 10 3
3 8 2
4 5 7
6 7 8
5 10 2
70 35

10 20
98 48 4 45 21 41 18 64 6 75
6 5 6
3 4 9
3 5 5
9 10 7
6 2 3
6 1 6
8 9 3
9 5 4
7 10 4
6 10 9
2 1 4
7 4 6
6 3 4
2 3 6
8 6 9
7 6 3
4 1 10
4 9 1
8 3 4
6 4 2
90 25


10 20
71 27 21 51 23 42 97 17 61 96
9 4 6
6 5 3
2 1 8
6 7 5
2 4 4
7 9 6
7 8 10
5 9 9
8 6 2
3 2 10
3 8 9
9 10 4
6 3 1
2 5 5
5 10 7
8 4 6
2 7 1
3 1 4
5 4 5
1 5 8
33 16

3 2
10 7 6
1 2 3
2 3 6
1 5

2 1
5 5
1 2 3
5 4

2 1
5 5
1 2 3
5 3