1
100 500
84731 -67578 -308 244
-43762 96001 163 -364
-27864 -52383 62 121
-22285 -101581 87 414
-93193 15487 188 -31
50114 54069 -218 -230
-6217 -90727 22 376
76868 -8242 -320 35
-17159 11781 428 -303
73836 -37007 -361 180
1185 -7590 -40 151
-85667 73758 346 -300
152725 76099 -399 -197
7562 -5022 -40 25
-61341 -57092 390 370
24913 32964 -131 -166
102182 -14469 -252 36
-14405 -74032 69 379
17511 75949 -115 -473
11265 -8733 -392 290
58231 80389 -152 -206
-54138 53725 256 -257
109140 -45458 -373 155
-12281 -7437 475 321
50710 -119797 -110 256
110869 -13656 -458 57
-185785 -36038 428 84
38138 -20503 -218 116
-23788 5585 241 -56
13656 -77209 -79 421
-658 551 -57 -73
-43687 32506 369 -278
-95765 -78752 239 199
2130 -356 -431 87
60883 124100 -216 -433
-71143 -27580 386 153
-40050 76080 205 -397
-12435 1257 385 -33
189190 -95453 -415 209
-6294 -9394 146 261
-6852 -16930 117 337
40756 126255 -119 -360
-99613 -154819 275 432
-82243 33711 360 -148
-89834 1683 436 -7
25370 -8566 -250 84
-118067 -121537 279 290
49511 -33349 -288 192
96100 59985 -354 -218
26975 93004 -149 -496
-45166 -79172 121 217
33513 -42230 -378 467
-32042 -121232 70 273
9484 -22095 -32 69
6696 5275 -474 -313
122936 4728 -361 -13
9140 135942 -28 -379
-10111 7161 318 -238
-67694 205419 155 -476
-24767 -28841 64 78
1313 -823 -45 22
78236 83472 -347 -365
83606 31405 -472 -174
134053 -76837 -427 244
-74769 -32620 456 203
144808 60993 -367 -153
-19406 21330 247 -281
18823 -905 -270 16
-52136 7861 344 -51
-17173 -1113 370 31
-93406 97778 277 -292
49481 -94034 -125 234
131180 61596 -310 -144
-23614 -27267 71 86
80744 -64244 -181 143
7820 -28454 -20 66
93345 46921 -208 -103
164417 -74212 -435 196
-26150 -47999 56 107
-18305 -4891 88 26
-73713 -49321 279 190
153499 -103029 -423 283
-78832 27968 180 -64
-2382 -97270 7 460
-97790 -101121 475 497
171702 85421 -381 -188
95119 -28548 -320 96
-15975 32158 44 -93
26725 -19708 -412 298
130310 -69049 -426 225
-51232 -74833 242 361
-160387 5057 333 -10
-71568 42905 378 -228
5343 -13849 -80 181
-496 8313 -5 -102
11302 -27543 -145 331
-41010 -76564 117 224
879797 -128592 338 365
879796 -128592 338 365
879798 -128590 338 365