30
10 100
-123 -563 -221 472
-7045 -3457 407 170
30348 12564 -311 -134
-30139 18057 395 -245
-26533 5747 326 -78
4643 -1782 -129 33
-9079 -12104 289 372
-1914 6583 99 -397
-4472 3775 63 -63
-278 -615 147 52
500 100000
10832375 11162595 -426 -439
10531423 -19397749 -171 315
-15989630 -6412275 384 154
-8926352 -623355 372 26
-16013335 2169186 288 -39
20601952 -7607475 -417 154
-8754086 15785441 203 -366
-6421755 -5824614 172 156
-9659979 -24282177 111 279
8600454 -7338676 -116 99
-6154962 5037200 143 -117
-315366 1195373 9 -34
-13829551 -1185768 443 38
-13807220 -779529 354 20
-1695733 -14024923 45 372
-1122954 -14834234 35 462
13321767 853649 -406 -26
-35041317 -28206234 405 326
2475459 -31901168 -37 477
17379510 32672347 -200 -376
65107 -81370 -123 157
11062445 463629 -215 -9
-33063411 19352932 340 -199
35333012 1419549 -498 -20
2159326 1823255 -225 -190
-16595675 32999630 171 -340
26584189 -33490843 -304 383
-21926978 -4656668 452 96
-5771095 23593633 80 -327
-1986166 -2244965 369 417
20982172 7545573 -406 -146
5218578 4045162 -298 -231
27222320 -35722170 -317 416
-7249758 6038917 311 -259
-8161447 22487045 102 -281
24720394 711371 -313 -9
35514177 -40346451 -360 409
-373198 -21977555 8 470
-2469338 -3240612 314 412
18585910 17244410 -194 -180
2262594 -4180107 -66 122
-2549547 1635483 39 -25
-12485332 -2693232 343 74
12436171 21632757 -192 -334
-25167110 7617221 456 -138
586893 -802097 -192 263
-14499773 2555114 193 -34
-7235821 19060112 172 -453
21003414 -16766621 -362 289
-18588618 -10768992 271 157
-7438847 -8629522 250 290
18268892 28286501 -310 -480
6704269 -14434885 -202 435
-2653465 -5891394 223 495
15695986 -25230764 -158 254
35465 319219 -23 -212
-1414573 754217 293 -156
2134976 12627222 -24 -142
-2271514 14637677 34 -219
13616774 -11886288 -441 385
4919954 -3225894 -279 183
-5229267 -25877890 96 475
-17172442 -4426324 450 116
15515319 -3122449 -462 93
15276874 -3907212 -215 55
7731633 8520159 -98 -108
-19305020 -992781 447 23
-1210465 909113 76 -57
10131545 8727743 -397 -342
-5014017 14407628 173 -497
-3906942 877862 392 -88
3418560 -3436990 -343 345
-6114706 9103971 131 -195
42308491 33472854 -498 -394
5183607 -7449557 -144 207
-1535548 -5376987 30 105
46312457 -2924357 -475 30
-6416230 -19808840 69 213
-6330652 -3598678 482 274
2411481 -22361424 -47 436
33007097 29030128 -415 -365
45724844 -31733894 -487 338
28890 -1263636 -6 271
18664672 29478117 -233 -368
-1880457 -40653017 23 497
-33936235 -35923868 444 470
25598013 -34393051 -323 434
43781398 41079733 -470 -441
-4123416 3177419 148 -114
24870380 -41741458 -283 475
-6695469 20568002 112 -344
-1925663 2408779 20 -25
11146277 -5302447 -124 59
-13202463 -439527 360 12
2068186 16877803 -61 -498
8588519 27319582 -149 -474
694633 -8540934 -16 197
3321924 16389083 -46 -227
-8921577 26075019 103 -301
-945453 -10501722 41 455
22126538 29573034 -309 -413
-16072300 15270121 220 -209
-8600772 15864736 167 -308
10520068 6638690 -496 -313
47178895 5177464 -483 -53
-180117 271035 83 -124
-27873430 11381808 289 -118
2895373 -5381314 -128 238
-13877091 -45149173 150 488
36902183 -17868275 -444 215
22757446 17570317 -487 -376
-3267685 4408222 132 -178
-4743102 12831985 105 -284
-684233 -11910289 13 226
370167 -1041270 -112 316
-1926646 -13616 407 3
35197304 -18974221 -473 255
25242957 23036524 -492 -449
-7723487 -8475271 442 485
369833 3240238 -32 -281
-16578036 -10047253 198 120
-27081575 26234711 415 -402
5053794 12490859 -178 -440
-8081462 -12193870 114 172
4713174 4513749 -71 -68
-1818649 13288849 66 -482
2804852 1182487 -344 -145
26238527 21060660 -375 -301
-2685885 6013857 42 -94
-33725464 23917125 416 -295
21229772 16516741 -491 -382
11050115 -2137963 -434 84
-12850489 -10640700 157 130
11649399 -6524510 -482 270
3284448 1507159 -425 -195
29551123 -7350216 -402 100
4357004 7292330 -276 -462
-5183820 -10664472 228 469
-2360505 29840273 33 -417
5059423 -6617333 -133 174
34156164 3459347 -395 -40
6307911 3645700 -263 -152
-602116 -1288231 51 109
-17133961 13903429 334 -271
22831425 4091903 -452 -81
6905917 2762598 -335 -134
29188097 -18045968 -448 277
-15160034 -6839463 215 97
-4157726 1693924 167 -68
-8740864 3267151 471 -176
4013418 -22375063 -85 474
31400793 25211696 -482 -387
8626984 7776207 -142 -128
39278896 21667794 -397 -219
-7134076 -11674849 187 306
23453576 7289933 -296 -92
-20376824 -322877 252 4
-1760725 -6451869 86 315
15678876 3758118 -242 -58
1532030 -1538712 -375 377
-1467374 1824101 372 -462
-13986722 -10885866 433 337
-44130696 -1002406 484 11
-9658197 -17331633 107 192
16942414 -20712363 -283 346
6078155 -4689250 -311 240
2897928 37179 -475 -6
-22309048 -15242868 442 302
20041436 -10825163 -311 168
2644544 -16427797 -56 348
-2102882 -1076965 82 42
-14971908 -25364316 219 371
3113121 4052333 -53 -69
-837270 -553900 325 215
3726621 -4833607 -121 157
-6441428 6883711 190 -203
-3526971 1633320 121 -56
-1396681 -3301377 91 215
-7114937 22886670 74 -238
-5672854 -2202163 85 33
-2996219 -2116130 160 113
13474714 4577821 -418 -142
-17860373 -7662481 310 133
14367765 7702415 -194 -104
13650116 29693633 -228 -496
-5800512 8197088 218 -308
-17349431 -7271244 272 114
20415447 -794791 -308 12
8069709 -15809011 -246 482
9284194 -13972202 -194 292
-20138383 -25892773 280 360
19544829 33839019 -242 -419
-22108544 22410429 368 -373
-24653859 -20321540 478 394
412805 2354340 -14 -80
-754335 -1801476 158 377
11348762 18486620 -186 -303
3005758 26268893 -31 -271
-28036194 -19385062 350 242
20237846 17730298 -339 -297
4097907 8538073 -167 -348
362055 2389747 -13 -86
11604800 -28032580 -202 488
1827577 984819 -219 -118
-3879489 -3584753 434 401
-5685854 5137016 124 -112
-40320294 -11443133 451 128
-4997691 -1466241 351 103
-17213543 24706502 324 -465
-19891812 4015623 218 -44
-23901385 -40828608 257 439
23927617 35023744 -276 -404
32476858 -12538090 -417 161
37083764 13510668 -398 -145
32884260 -23612038 -415 298
14396946 -5677854 -180 71
-24969075 -4876370 256 50
-7975194 -3514301 236 104
8996433 11016852 -138 -169
-32480663 21654973 330 -220
20049722 -14151524 -306 216
-4745978 -2952197 381 237
6580046 41477831 -69 -435
-2309066 21303704 36 -332
-7829671 -7975773 376 383
2734148 16516315 -47 -284
17999835 1723893 -188 -18
2085774 -27292309 -22 288
14027750 4135364 -268 -79
898018 -5855615 -72 470
-1102446 6018825 88 -480
-1569327 -18842110 25 300
-6860919 -278857 221 9
11499972 -17836985 -205 318
-8809840 -11057417 247 310
-31904018 18762856 352 -207
2109516 2961612 -47 -66
-1818299 -277973 320 49
-3273481 1831661 304 -170
295802 1292247 -50 -219
10783210 11569584 -466 -500
4677601 -794455 -100 17
233044 -27217836 -4 469
-26572119 20021360 438 -330
-17493578 9457070 333 -180
3236855 -5404136 -94 157
4550377 3051845 -249 -167
-1423235 -1265856 298 265
5940504 -3824589 -309 199
27229467 -30030019 -447 493
26445160 21188839 -322 -258
-17196443 5183339 292 -88
15142725 15282597 -216 -218
-9358261 17438648 212 -395
-20486673 -28940977 269 380
-9391956 -12372709 208 274
-11134319 10377210 411 -383
39511018 -30951681 -494 387
16221395 5298734 -398 -130
-6796188 -3635064 344 184
2760590 -3436477 -220 274
-694560 -5689579 11 90
-347101 1497712 96 -413
-4046360 -5603324 78 108
22376179 -30303458 -333 451
4188565 2982019 -184 -131
-20164528 5104694 482 -122
-9513976 19625025 128 -264
-4877633 5260506 307 -331
12994008 -17616534 -340 461
18039657 -27575904 -261 399
4354747 -2647921 -457 278
13103777 21759645 -221 -367
-86279 -16214889 1 186
-6831999 -14987698 186 408
-1679018 -33597849 18 360
11155232 -11202766 -455 457
16405047 -15863953 -304 294
-32814435 6063465 433 -80
4950327 2735792 -456 -252
-14368875 19428142 304 -411
-10072692 -19202209 128 244
-1386386 2081515 98 -147
2486341 -1359509 -360 197
5961120 18530359 -101 -314
-2597100 -10413069 120 481
2474910 -6374725 -26 67
-2436483 -5029286 110 227
7300854 25612279 -118 -414
-12543922 4932330 262 -103
14783198 28692196 -254 -493
11274834 -25611463 -195 443
478987 -4222449 -30 265
-34025383 -41199343 351 425
31361518 -5274139 -327 55
20555486 -3409811 -223 37
8758908 4582586 -151 -79
6823580 -39702500 -83 483
-24836390 29104397 326 -382
1922256 -40347834 -21 441
-7454527 19346153 116 -301
-14366415 11100570 321 -248
-14032167 -3004147 425 91
-10593338 -10304193 366 356
-33477128 7343024 383 -84
20565960 -12541331 -446 272
35074998 24859617 -491 -348
18205111 -5363933 -207 61
-21338018 30667308 334 -480
38843299 -31403913 -423 342
8806582 -24746400 -116 326
6509300 2011440 -424 -131
12467795 40107870 -152 -489
-460885 -1540866 71 237
612670 -4953190 -41 332
20028632 902737 -222 -10
40118354 -33353407 -433 360
534358 299846 -41 -23
4378082 3343155 -275 -210
34469972 2990676 -415 -36
-10761497 -11674409 342 371
-6127444 27918628 72 -328
15929310 -1608348 -297 30
-14074643 11573819 225 -185
-4284999 9300169 106 -230
704754 4759204 -46 -311
26391153 14693536 -370 -206
-618733 -2973687 20 96
-1627958 -15021079 27 249
27893716 745501 -337 -9
7458143 12438195 -280 -467
16551843 24590553 -210 -312
-19827741 -22344762 260 293
-31967963 -2975042 419 39
-3216592 -1590295 180 89
-509065 31023401 6 -365
4836997 1796537 -447 -166
1362197 1261783 -204 -189
43112049 -25714844 -456 272
35696660 -2865494 -411 33
4907026 -5161420 -441 464
6694140 -6718906 -255 256
-2625240 2281031 433 -376
10522950 -8048331 -468 358
-166513 -2193149 29 380
6942526 -6314531 -277 252
-21989483 -29038002 234 309
-1664311 -66315 224 9
-6892712 5704441 197 -163
14167379 -16903950 -238 284
8523070 43297144 -87 -442
-47063081 -18144565 498 192
30636982 -6546964 -379 81
12772586 3372880 -178 -47
17100133 12919238 -499 -377
-14491288 13156905 358 -325
393530 -86673 -99 22
9792109 5352453 -397 -217
-25787790 -8006014 277 86
5486655 -9756525 -131 233
-14925454 25959459 276 -480
-1642140 -260813 88 14
22528975 -33283365 -266 393
56233 615583 -26 -289
38985269 -20997266 -479 258
-16945015 1434876 319 -27
16751418 17231976 -209 -215
13385939 -48398914 -138 499
-24835532 25750742 299 -310
26691217 21497107 -370 -298
-34211454 22370202 364 -238
-1111050 76835 350 -24
-18895 72589 44 -160
-16569111 16161464 324 -316
-2293470 -8630645 42 158
42992705 -28510710 -478 317
361933 -6658335 -18 332
14235343 -15585725 -358 392
-1162491 34611733 12 -357
5041613 13158303 -136 -355
-4992967 13104510 125 -328
-368408 -19881031 6 323
8061731 20808751 -129 -333
4644041 3735558 -363 -292
1831969 12360234 -20 -135
-14993464 23924172 178 -284
13216751 -4690636 -493 175
18439328 -16610621 -222 200
11141086 -21113941 -258 489
35520615 -20258806 -405 231
13760026 -20614930 -297 445
-45417658 -10313212 480 109
-12134018 -2838682 312 73
-16399814 22694597 172 -238
-319676 1763778 30 -165
7960490 19410827 -114 -278
4553810 4394394 -372 -359
-8639920 3911688 95 -43
-15611904 20074180 238 -306
5008585 4359502 -494 -430
-1370639 2134096 198 -308
3059637 22363370 -45 -329
-3419004 31687058 49 -454
14394344 17547636 -356 -434
-38144297 14294651 459 -172
-10449024 9043785 260 -225
-11516629 -2607160 424 96
-981050 115153 420 -49
617614 1033095 -264 -442
318454 436101 -358 -491
-1917970 986819 358 -184
16342378 36678136 -180 -404
-19535091 4488581 296 -68
7893383 5858287 -128 -95
26725277 20043871 -412 -309
3529008 -13344860 -69 261
432507 1352589 -83 -260
21480142 -31653015 -266 392
87444 908160 -39 -409
39704813 12481759 -404 -127
-5405588 2299609 214 -91
-20528734 22109431 299 -322
-14250195 4952235 236 -82
1736199 -2845309 -175 287
33164217 -25579929 -363 280
-3634931 -8162569 208 467
-29053257 25751205 343 -304
-2327199 -15751229 47 318
35149340 -23099001 -493 324
20453001 -12674667 -405 251
33628059 22170293 -361 -238
-39067253 -17091738 480 210
10836890 550632 -197 -10
12942564 -21643219 -232 388
-23542588 11732700 297 -148
-23914840 33875582 353 -500
17751532 -47906 -366 1
28809564 -5157296 -458 82
-11851679 -15087433 370 471
-12207887 -14135913 152 176
2463975 -15641542 -77 489
6657748 74281 -271 -3
8306635 85050 -295 -3
-2573576 7016045 40 -109
19392099 -7724359 -246 98
-20800305 10376249 417 -208
12624170 -1900821 -239 36
13581024 -29041254 -166 355
-64481 2011148 4 -123
905 995199 0 -132
-37924177 -28220662 426 317
8309694 5597366 -481 -324
927310 6029154 -67 -436
16632034 -6005095 -432 156
-11952409 -10847461 292 265
21963357 -29057433 -260 344
-3243365 578331 146 -26
-7724483 -24423503 130 411
5172302 6809594 -360 -474
14790019 -15655091 -256 271
20462904 -18875615 -400 369
-11793177 -939813 301 24
-18894742 -10838039 197 113
-1759059 320182 402 -73
-4843866 22426333 97 -449
25537621 -25536134 -272 272
1202660 -17042574 -33 468
-2686513 3588728 364 -486
5115660 -9120730 -120 214
30747058 8218894 -318 -85
1892009 16626537 -48 -422
-18252765 9498858 344 -179
-158314 12366132 3 -233
-7353649 31102345 83 -351
618485 -3423325 -68 377
10477273 -23987366 -214 490
5115840 5610020 -331 -363
-8597181 -4136233 318 153
-12526811 20526760 130 -213
1737629 16952581 -46 -449
-365576 -1611926 5 22
-9865513 -11412069 134 155
130484 -340409 -95 250
-19895574 -19674817 360 356
-15679690 -4398999 278 78
-2261417 978417 391 -169
-29922432 20360790 388 -264
-6532529 33300037 93 -474
-23042266 -4455591 393 76
4290024 13530000 -149 -470
-427215 -4672976 36 393
-1934543 -1295324 115 77
16523148 8775113 -177 -94
34878795 -6876740 -426 84
66308 -163878 -103 259
-18362836 25530654 328 -456
-45831350 -10619087 492 114
-20083105 23540914 215 -252
642684 256601 -183 -73
8898435 -20760314 -99 231
10 100
-903 -1426 423 327
1227 277 -214 -175
-8073 -33633 81 332
-26960 28452 441 -479
2561 7864 -27 -89
-13713 -25976 150 277
-573 -1043 102 54
-31799 -2638 407 24
-10492 -16389 183 274
31977 -856 -386 1
10 100
2309 43262 -22 -495
-20 22415 6 -355
-15241 11418 289 -217
17316 -4757 -484 127
1173 18854 -13 -309
362 -258 5 -49
369 -300 298 -118
-5743 -2938 437 188
29362 4098 -290 -44
-13516 10175 224 -169
10 100
10382 986 -307 -6
-26617 -43767 282 484
-4232 -19572 79 452
35495 -37201 -441 463
-23730 4660 461 -78
20068 38514 -266 -484
-17906 12348 338 -227
-2184 -1156 101 128
23626 523 -405 4
19204 -14996 -276 219
10 100
464 -411 -157 280
-4399 8809 111 -211
-34077 14471 368 -154
-23031 8618 301 -110
5875 9677 -249 -414
-27294 26937 450 -439
-32052 -42944 322 431
-12728 -24551 148 284
-8681 1140 170 -19
583 -31929 -5 373
10 100
15647 14634 -181 -161
20361 2233 -443 -41
-605 -2397 8 150
5841 -1984 -217 79
-7935 -2186 84 28
127 962 -83 -94
-16476 -11160 314 225
-13594 -2475 151 32
17319 1359 -237 -14
-317 1246 -47 -314
500 100000
-13658571 5898693 352 -152
-3826203 5211730 279 -380
-1498417 -5592269 45 168
18369533 -4840353 -277 73
19491200 -11422124 -430 252
-15029215 -10001754 299 199
-17437275 7553717 187 -81
-20619655 -14076341 457 312
13854934 -10989300 -324 257
-622668 1599413 146 -375
4088429 6124750 -225 -337
-5342481 7653137 222 -318
4788175 -5666014 -169 200
18775548 12621873 -482 -324
-14462 -357557 8 202
-1682733 15466476 52 -478
167670 14242523 -5 -424
22654642 -38487298 -269 457
651537 -1107288 -30 51
-1047418 2147221 241 -494
18310978 -43712828 -204 487
41621597 -19282739 -436 202
-10060958 10193504 381 -386
-131813 -521676 106 421
-3558720 6552499 170 -313
-21322390 -5628814 303 80
-4124120 -4680786 244 277
997977 -15835095 -22 349
13641655 -9743447 -238 170
-32174929 -18867072 486 285
1092052 -102267 -159 15
2204054 22484895 -45 -459
33894552 -30901112 -453 413
-20129499 7967114 283 -112
-2476720 -11776069 45 214
-16520094 -19283305 251 293
-20311572 10803471 361 -192
15412263 7811658 -221 -112
-5387321 2339653 281 -122
11579261 20305740 -284 -498
-8648992 17119893 97 -192
2907642 -1067264 -373 137
-5144544 -1036969 347 70
22939529 10529565 -390 -179
14933796 -15534086 -174 181
-7518727 4286659 207 -118
3029011 -8690696 -107 307
2862221 -3530157 -364 449
3271689 3717654 -353 -401
11349289 3513054 -391 -121
-9120277 -21978414 100 241
-9154703 -13711382 235 352
-20442888 -38096830 220 410
15893371 31885579 -163 -327
-12819798 3512986 146 -40
8793216 -7631312 -159 138
5624023 2557290 -275 -125
27994166 22886750 -411 -336
43090251 34549982 -449 -360
567217 8756349 -7 -108
25301659 2324429 -294 -27
29515597 28408812 -373 -359
-548449 -2080909 79 300
-988770 -11328874 26 298
-32476772 -21263593 420 275
5567361 14028339 -77 -194
17633484 8731224 -204 -101
-3012986 9965898 39 -129
-4709231 -219267 107 5
3372702 -18200538 -53 286
-6334409 -15407517 178 433
11713207 20754885 -149 -264
14332809 15016403 -336 -352
-7784427 14024135 131 -236
18404437 9562163 -487 -253
24741019 4153172 -429 -72
-653527 -1566312 178 427
-8981835 -2207445 423 104
677503 -8995157 -22 292
9050948 -2090257 -303 70
-6698864 13092222 241 -471
-5456366 -11747029 111 239
4067650 -26904573 -57 377
662449 -8719215 -19 250
-6223928 -27453094 107 472
-11122428 -1841673 495 82
-6389813 5143059 292 -235
-16608617 -1823261 346 38
33683193 -2127572 -364 23
-18678040 -13063970 193 135
4869630 9837988 -50 -101
-2975890 -1220909 492 202
-678752 -7516720 25 277
25263566 -28309958 -398 446
7574724 2570573 -451 -153
-29566404 -37657970 369 470
-2397445 4495473 72 -135
-2637768 13555498 79 -406
10476459 -16401694 -221 346
23379988 -1762537 -358 27
56766 -1219374 -23 492
-18641767 30598543 290 -476
-5340566 12405821 96 -223
-6511495 9431988 194 -281
-9930354 -18824014 211 400
15050258 34745999 -175 -404
-3561277 4904710 236 -325
195584 454063 -140 -324
-4845104 -2499771 155 80
-4853236 -3068004 68 43
-366175 -1587229 100 434
-2837587 2367280 229 -191
-13879592 18368958 269 -356
-6843477 3305079 350 -169
-4443193 1481761 348 -116
-3486342 -8771210 184 463
1953464 3876753 -62 -123
-306147 1617574 7 -37
24523334 -20877418 -370 315
-7191498 2162661 479 -144
41002289 -28188479 -480 330
-35838977 -38993010 443 482
-11407371 -8862581 287 223
-3695748 -4662080 382 482
1328267 4661225 -63 -221
-386202 -410504 137 146
-4944095 -7227211 158 231
2184688 -11572680 -64 339
5265156 4837757 -467 -429
-8948267 -2348060 400 105
19535584 15963936 -257 -210
-3251176 -114489 141 5
-3866986 -8030100 169 351
-16365236 -5673029 349 121
13305919 -21168156 -198 315
10382821 3237864 -170 -53
82792 2492914 -1 -30
25126556 17504868 -267 -186
-7590936 17688451 106 -247
13688331 -8858175 -496 321
-10279075 -296293 173 5
-3441734 -1174342 82 28
10444519 -5013825 -377 181
2430561 2152335 -235 -208
-59476 -401970 66 449
10766010 6281117 -120 -70
5312506 9274007 -55 -96
-6971015 2154041 191 -59
-14480724 -15891280 318 349
-6159920 -13185418 135 289
1878060 -1557131 -170 141
5374867 -1808156 -416 140
2014641 12426052 -42 -259
-11322375 1264092 475 -53
-4124530 924128 268 -60
-1853808 2854143 241 -371
-15677073 15443594 469 -462
12636179 10938572 -305 -264
36318547 -32790379 -453 409
30265245 33308056 -398 -438
-17031768 -4083855 467 112
-5099074 5390948 210 -222
2473118 1493542 -227 -137
-22469382 44183734 238 -468
1155411 -15311969 -16 212
17877890 -15848375 -467 414
4578895 -6006613 -311 408
-16626950 23956321 304 -438
2671540 5417941 -218 -442
9885577 -16564685 -185 310
-25937645 -26567285 329 337
15945320 18977713 -384 -457
-19901042 -47323064 209 497
14882977 25729182 -258 -446
-11858360 37012389 132 -412
226677 -121357 -301 162
16244096 20039445 -274 -338
-16368644 -5939352 372 135
2446395 9820972 -73 -293
4238128 -36211555 -57 487
13090699 -20463276 -261 408
-4529726 2950197 172 -112
-5839809 -17056804 76 222
-12883483 -27077116 167 351
-1522514 4451782 171 -500
-9932032 3917529 142 -56
25562343 17971711 -431 -303
-897450 -426654 212 101
191222 12530287 -7 -458
18319125 18438113 -466 -469
-1652135 -760513 230 106
-26458106 -2920946 489 54
28242866 10687376 -296 -112
-153011 32757 344 -72
7546874 6896375 -139 -127
9848324 -4605033 -402 188
19563079 21360765 -294 -321
9173510 1777035 -439 -85
-6658092 -9592435 313 451
37598290 25420678 -460 -311
43055877 34872710 -484 -392
1489684 3213493 -32 -69
4596794 15786922 -53 -182
13789274 -12162629 -212 187
-6731281 -410025 213 13
-27032052 23575814 391 -341
-1940808 291871 140 -21
-6869899 5715856 476 -396
10937637 -11389113 -363 378
-1753013 7772 251 -1
-910626 13625690 30 -449
13461621 -24806349 -159 293
10004870 10755099 -414 -445
27500280 -17835918 -498 323
-14971533 -11482861 176 135
119793 16129656 -3 -403
-613051 -191801 35 11
-15830159 4155467 301 -79
7222918 -36483682 -98 495
-1707462 -2502241 133 195
533760 -469037 -316 278
14483051 5581120 -340 -131
-12081909 7213150 330 -197
32961359 -42980441 -352 459
-10421729 2209140 420 -89
37106047 25266441 -445 -303
-34017076 -20932631 481 296
-33307348 -15379256 340 157
-16249020 6852668 166 -70
-2476485 7581035 147 -450
25271875 11106932 -446 -196
3278165 -11400379 -67 233
-17937845 29175517 257 -418
2058912 -9290654 -82 370
-11683507 17345496 227 -337
553165 433837 -331 -259
16223282 37830477 -214 -499
27576831 23616113 -355 -304
-28311830 -5723408 366 74
4284404 316050 -299 -22
15399324 36358867 -205 -484
23428939 -12422539 -281 149
-16951182 41988368 174 -431
7662893 2423230 -484 -153
24390774 34383336 -249 -351
-1657831 3604841 109 -237
14529975 1744421 -350 -42
22015868 22081113 -343 -344
4441413 2374204 -262 -140
682383 -800023 -52 61
-17558770 19004644 328 -355
-13433729 -6292704 365 171
88288 -884821 -24 240
-12611304 -11318923 459 412
23058735 -14714138 -409 261
8343052 6939508 -297 -247
19312338 28719963 -232 -345
-15168156 -38911588 191 490
-11045194 32616666 149 -440
-3580270 -12880177 102 367
-2600295 1248796 75 -36
530977 -602338 -170 193
-11911870 -41299245 122 423
16324088 5488356 -354 -119
-16598361 23467047 203 -287
6717044 -9241010 -306 421
-3019271 256945 165 -14
-1436950 -2539064 56 99
8641011 9467671 -314 -344
-5971870 -45364045 62 471
2140044 -3464491 -42 68
-22712968 10372918 300 -137
-13289153 -18271425 176 242
3070570 -2782169 -352 319
3355214 -14260041 -36 153
-525593 1928473 115 -422
-25772760 9066483 398 -140
14138869 -20236713 -313 448
-11448476 4991825 367 -160
-16283589 -6665540 298 122
9573844 15677069 -182 -298
-534771 439828 28 -23
473653 -6313577 -34 453
26127398 18653951 -395 -282
40755663 23675193 -408 -237
-229840 -300931 245 322
-11672156 12099685 328 -340
-1164335 -1586582 176 240
3281834 -2817757 -177 152
21981265 -794922 -442 16
3573050 30993914 -49 -425
412632 -263211 -427 273
21192561 5393946 -279 -71
-927822 3000501 47 -152
-14101971 10828875 448 -344
-46391455 -46774592 483 487
-2238599 1901068 490 -416
-10926653 6912911 460 -291
-5249506 7150607 58 -79
10576115 3453559 -291 -95
-1378601 7077556 67 -344
-9040824 -30335265 135 453
-1687748 2158864 251 -321
-11752391 13864074 167 -197
358606 2676112 -11 -82
-15633066 -25793332 200 330
-8805493 6564684 275 -205
7327859 -10399013 -167 237
3265353 4428915 -368 -499
16886619 4649805 -247 -68
29134662 31299592 -377 -405
153932 -660995 -24 103
-7031745 -14534868 119 246
11824584 -1039525 -341 30
6155964 -1070656 -339 59
-27162845 38309091 329 -464
-11595400 7296050 240 -151
14508486 -14298915 -347 342
6508494 20618856 -155 -491
19590389 17829693 -278 -253
-1828216 21464414 31 -364
-19972703 -5717135 496 142
-33578974 4643939 499 -69
10136480 23116362 -214 -488
-13545369 13137908 498 -483
-1885318 -1152755 67 41
5271439 1157152 -155 -34
-984898 12519522 28 -356
37771274 17528178 -431 -200
2375303 20023496 -56 -472
2601613 -8845619 -55 187
9932721 -3246535 -156 51
-2974399 -18959235 40 255
-426772 -942439 52 115
-808749 13655099 9 -152
-18217582 29971183 279 -459
5538223 -1261999 -250 57
2332236 8685686 -94 -350
3535858 -6516797 -153 282
-10801994 -17744889 154 253
23139310 -3611510 -442 69
9401177 -13764017 -209 306
-13447437 18281897 306 -416
-14419775 5511421 314 -120
-1515385 7975079 19 -100
-108205 445218 119 -490
-43685733 34235914 490 -384
4246144 6632161 -73 -114
-11106914 17039888 249 -382
15360030 4073249 -347 -92
4385850 25554713 -69 -402
-7893394 9852777 274 -342
8722111 11524506 -137 -181
3476737 2409239 -205 -142
-28240274 23934187 400 -339
47672321 3211380 -490 -33
66790 -122659 -264 486
-6484503 -11132522 212 364
-8400314 -4753202 417 236
4131762 8913668 -121 -261
-14543380 -304922 333 7
-33091766 -14338867 390 169
-19069407 -16366255 247 212
-21136823 -12488995 352 208
-14636293 20054555 362 -496
-12690795 3192886 163 -41
-914613 -1025387 278 312
14130108 -1342182 -242 23
3086452 372069 -424 -51
1230268 -25145159 -23 470
-398845 -4041814 7 71
-22117134 -38111317 224 386
-8580025 12522580 111 -162
-10842883 -26000407 206 494
6766774 -7389167 -239 261
6717643 24605161 -80 -293
12544363 -7033349 -494 277
-38298554 35359144 482 -445
-8750145 -15160287 217 376
-5714035 12238470 134 -287
-26909437 -2039264 277 21
2621532 2591379 -336 -332
-5672967 8379700 109 -161
3918104 -29806856 -56 426
-988763 2312843 59 -138
9098851 25047818 -93 -256
38091903 -32123031 -434 366
729070 -1243008 -224 382
-8328550 -221639 337 9
988170 17875081 -24 -434
-1901552 -1680176 233 206
13351705 -18856307 -325 459
12048525 -18972618 -261 411
24877253 5494245 -317 -70
20051578 -21501615 -235 252
-5709132 6112278 397 -425
32487138 -43405256 -363 485
-7669687 16027462 223 -466
12395661 11686123 -157 -148
-5656731 4049314 197 -141
19288980 -45138026 -197 461
-14812778 -26426088 176 314
344002 9372524 -9 -245
36885698 -10195347 -369 102
31666414 31277329 -487 -481
7851487 -2322693 -392 116
5574764 -31291377 -62 348
2773482 8558103 -141 -435
3982772 -2902256 -461 336
13740636 28655602 -164 -342
15355712 -2114112 -334 46
-621988 11891021 8 -153
8688089 422550 -103 -5
-2235036 7030116 55 -173
-26146422 9607967 430 -158
503528 -1342702 -24 64
25882272 7617098 -401 -118
-27852797 -3050005 493 54
-35680008 -30178011 467 395
-18493636 17973210 497 -483
-944071 -2213523 52 122
873731 35660386 -10 -408
-14321025 -17695215 297 367
-223970 21072381 5 -471
-176777 47238 190 -50
-11266633 -22190545 165 325
27273693 -7242096 -482 128
-14133564 -9169213 467 303
-9857816 -8115688 385 317
36910503 31690918 -403 -346
3115687 -2702768 -68 59
-577075 6223301 33 -356
-41355 171670 107 -445
-18300734 -22808485 207 258
2214202 -6707279 -137 415
-4278967 7999156 199 -372
-41810249 -12674238 475 144
21359386 -26419151 -401 496
-20515099 1569067 484 -37
14446044 19744088 -210 -287
15516187 -24754104 -304 485
5286548 11235262 -144 -306
-13117573 -12998878 223 221
-13340143 14953167 273 -306
-2471946 2948365 322 -384
13474807 -3217968 -247 59
-16454672 -8261275 472 237
-12027012 -38501469 144 461
9348186 -14701789 -110 173
-12379954 -13922331 385 433
14732068 -14805032 -401 403
-11733680 -8682969 227 168
14405989 -414211 -243 7
-1265498 1444073 270 -308
1943767 -16592984 -28 239
-2708474 -10271673 29 110
704035 -9155245 -30 390
-1810809 -6499357 61 219
-138552 -7078900 5 256
-3281075 -25488488 39 303
-30336390 8933085 360 -106
32221411 -25333816 -393 309
-2997630 -7439707 85 211
-13957382 -8373476 270 162
18095661 6032765 -270 -90
-10254883 -10031580 323 316
6406842 -3219202 -195 98
-18017785 34985447 223 -433
1021076 12682614 -36 -447
20742798 -6424681 -297 92
8530611 8531674 -465 -465
6964602 2620601 -218 -82
-12157093 -18982554 130 203
-299164 33276872 3 -334
-39480775 -21107600 404 216
-21888275 21086217 300 -289
-7662401 -1862096 473 115
534524 917582 -112 -192
-44096155 14491979 496 -163
14905886 -3855535 -201 52
1178910 -3712069 -74 233
25720103 -10402965 -267 108
-31982317 22506660 324 -228
3601265 19291779 -87 -466
-1519789 3572632 154 -362
352284 -364255 -113 117
-19709411 24586410 291 -363
-3134444 -6072596 209 405
-11535335 -9035911 217 170
3003795 9487322 -133 -420
-27773142 -4319447 405 63
10723197 -3805215 -386 137
24342651 9768314 -481 -193
15020775 6669879 -241 -107
-18118097 -2306360 267 34
4818372 10620213 -157 -346
8527725 -14530929 -125 213
-23341753 -14954859 437 280
-10524899 -11450008 125 136
-7248656 -23119038 116 370
10 100
29322 40572 -331 -447
-5972 -14290 100 266
-13355 9648 339 -245
-1945 12836 42 -357
-40048 -33868 421 364
-9755 6734 202 -139
1837 2684 -50 -51
10520 -20077 -134 249
-3318 215 190 8
-4513 -8385 71 153
10 100
-2855 -6008 38 68
-30047 17432 367 -212
13412 -7326 -250 138
5953 3951 -426 -316
-3145 -10295 137 390
-5843 -3926 417 251
26574 -22307 -267 226
9803 -4283 -303 133
-19534 -15828 210 165
8679 15306 -140 -262
10 100
-7265 -22353 136 412
-37045 3170 464 -41
4625 -15583 -50 170
7709 3921 -123 -65
19573 23038 -342 -406
14411 -19340 -281 377
-13735 22142 282 -454
-8615 -6301 483 344
-25404 5972 277 -66
2599 -7434 -126 366
10 100
-19214 -5038 495 135
-21352 7081 499 -174
-4297 1980 131 -78
-10638 9563 348 -343
-1398 11634 18 -417
-16533 -8283 340 179
9232 10608 -247 -260
-1872 -1255 75 93
23856 -23844 -339 326
-5528 536 463 -59
10 100
-23465 19540 459 -360
15551 -6053 -300 133
-13491 12923 410 -356
-11521 9737 427 -320
-5088 -8438 297 445
-7395 40447 96 -465
5922 -19879 -55 221
8455 -15546 -190 400
10179 -2011 -424 112
-44738 -9237 480 102
500 100000
3597005 -5695461 -192 304
-12359054 10284492 411 -342
-57529 60252 45 -47
18886486 7350135 -496 -193
-24416383 -23712573 452 439
9232356 -8253816 -151 135
972150 1144714 -165 -194
-12967014 -7420424 463 265
-9774818 -12198933 137 171
22953007 -19111946 -251 209
20140715 -10430467 -363 188
15009548 -9036974 -284 171
-31227327 -24106339 443 342
-5669110 -2950791 386 201
-13705087 -16495813 373 449
-748514 299137 341 -136
9147810 247134 -483 -13
-10436701 2502085 242 -58
26816508 24267758 -347 -314
12866416 -3940390 -222 68
2267756 -5172275 -82 187
-19029699 -43803495 202 465
-42978849 -19324856 447 201
-29719821 18622859 391 -245
-18368485 -22111781 206 248
26824253 -9647873 -392 141
-932093 5975470 41 -263
-18581118 -14222400 371 284
-32358023 19988518 429 -265
-19065073 -29395143 310 478
-24609925 -14036142 277 158
-13771778 -20034486 266 387
-5094413 -463223 439 40
14966508 17830677 -183 -218
-3612103 28683744 52 -413
13602075 -1287794 -285 27
25845501 -2325264 -300 27
-27852000 -23193886 317 264
-47233 987015 21 -445
-15150610 19733188 162 -211
7219920 19711244 -148 -404
3671809 -2994720 -255 208
-3231283 2894372 345 -309
1221795 2112483 -22 -38
7838619 7840204 -297 -297
-1832659 -1117735 113 69
-23581598 -12098928 343 176
2418567 2136707 -367 -324
-1013972 14303617 26 -367
-1438673 -321554 495 111
-12488258 2352815 446 -84
34144797 19325790 -470 -266
10070266 14388001 -273 -390
-985708 11386504 34 -393
38281249 -37260204 -450 438
1965147 708602 -25 -9
3096084 4754075 -129 -198
-1544342 8557077 70 -388
17439829 -21640983 -357 443
1627980 3307167 -233 -473
18543744 -3008208 -265 43
-33955626 22637508 402 -268
-25305378 5328194 475 -100
-14840403 16049271 221 -239
-2535648 -2388064 191 180
-35798527 -18371926 491 252
-1394 -20586 15 467
-4653010 4169147 173 -155
-10308121 -14443058 304 426
-27808142 -8390125 285 86
-307319 418428 188 -256
-26062091 -27110604 273 284
-19522934 -31481611 253 408
15076821 15955015 -344 -364
22944065 18171583 -471 -373
-25191398 3863465 300 -46
4074821 -8549684 -51 107
22294899 -21154261 -391 371
31093374 -13809504 -376 167
-41800713 28954568 423 -293
-4442061 -24109352 56 304
-32110103 27816042 329 -285
-10651912 7616017 428 -306
26614456 18322523 -491 -338
-15285666 -14467672 337 319
-29429423 18974675 380 -245
-45410973 -25863225 460 262
19769324 8034920 -251 -102
84563 488936 -29 -166
2462187 25563921 -29 -301
-31482970 -18779600 347 207
-36000 464940 7 -92
-46979193 -16441583 500 175
-6127106 30770591 89 -447
-4098079 -17687784 82 354
19817909 9501950 -267 -128
-9637351 3067111 110 -35
22508507 -32427620 -236 340
20790204 -32727370 -209 329
8488870 -5143661 -401 243
1488354 -12283749 -44 363
17088953 987599 -433 -25
-28369451 8607137 445 -135
2689905 -2292233 -88 75
-22221756 21600389 286 -278
-9847904 -3716418 400 151
30765534 25546184 -495 -411
5390553 -3002616 -429 239
46712000 24646865 -489 -258
4008440 -1748062 -149 65
4507446 703172 -199 -31
17587114 -11867662 -409 276
-4497818 -10117622 108 243
1624617 602335 -227 -84
-743249 500970 49 -33
-37819198 -5729175 429 65
5114123 12682833 -146 -362
11621467 17588076 -302 -457
19433228 9806186 -220 -111
-13035843 19678964 208 -314
-16980911 17227187 414 -420
-665825 8481232 12 -153
40352802 18686322 -460 -213
-439599 -1195462 62 169
-8224607 -5944782 148 107
623393 13437121 -17 -366
5556032 5400365 -318 -309
22779822 -1953643 -338 29
-4070713 -25606290 72 453
24674394 -30935053 -335 420
20308345 -5367577 -401 106
1295592 -860152 -274 182
29418273 18009990 -477 -292
-8199083 12508190 215 -328
-5268667 -11453320 109 237
26658016 -3277981 -374 46
-24615706 -24192631 292 287
-380397 19281262 9 -457
30439532 26803613 -318 -280
1636168 16062621 -32 -314
11202151 5395814 -434 -209
14397069 -15701665 -320 349
46752510 25175694 -481 -259
-10362379 -18291952 162 286
-17327738 12508849 320 -231
-2330659 1091799 346 -162
-5466035 -11847332 137 297
-1061657 -8805073 40 332
-2490901 -17109177 31 213
42473456 39549053 -450 -419
42482275 -6917202 -436 71
38973966 -41844667 -448 481
-1738802 -1147770 115 76
5689609 13080121 -67 -154
1183992 -8139120 -31 213
8243105 23350380 -173 -490
-21387101 36535988 240 -410
-6045862 -8027339 189 251
-3654400 -8793215 145 349
12691928 7138623 -425 -239
33199874 -11397463 -434 149
-22626861 24569214 233 -253
-2005639 4209553 232 -487
4654457 4489309 -335 -323
3494016 -4871534 -104 145
-12092619 -10573003 462 404
41979713 -33621853 -437 350
-3107802 -5722719 38 70
-26583294 20314582 441 -337
19497877 23089165 -239 -283
-4380460 -15792781 132 476
573456 131192 -282 -64
5500825 -6750356 -405 497
-3693584 -8990462 69 168
-4176397 2896949 310 -215
-13179228 3600078 238 -65
121030 -9453310 -3 233
-30839663 32548808 397 -419
-3050736 26600021 43 -375
3089978 6096393 -36 -71
9821229 8884419 -157 -142
-409728 486104 349 -414
29178850 -26906098 -321 296
-11608821 23330400 205 -412
3924889 -15828100 -62 250
3685108 6313522 -268 -459
-4095847 9971697 138 -336
8380391 23514500 -144 -404
-5554993 -3540973 69 44
2761617 -256064 -172 16
737922 15758148 -9 -192
1949785 2068760 -432 -458
-2483099 -1251910 428 216
22068690 -11665749 -454 240
16532739 -9102539 -247 136
19577704 42124125 -231 -497
39163356 33027284 -402 -339
34990462 38401865 -431 -473
3520712 -8652324 -164 403
-15049491 -20511785 325 443
-15558995 -12129299 354 276
-1584822 1525563 373 -359
9068277 -18735003 -91 188
11366545 -12672524 -322 359
1357803 13857592 -25 -255
-27992598 -11218299 499 200
28609808 7630365 -315 -84
-813458 813658 61 -61
25536523 -28661517 -286 321
-1831494 -3998685 130 284
8546330 7730379 -345 -312
8767883 112353 -236 -3
27939503 -26611686 -463 441
193570 -167230 -104 90
-5894259 1517618 136 -35
5252245 -16558373 -105 331
-2360158 -978769 342 142
-77706 303114 93 -365
652038 307404 -460 -216
13535288 8086857 -380 -227
-22850343 8413712 440 -162
-15294852 -21168449 164 227
160073 -255410 -138 220
7202500 -5859334 -236 192
4038584 -1767371 -233 102
23501060 -8738819 -320 119
-15870701 -21179702 257 343
-27750968 -1831676 318 21
176852 -34100 -137 27
-5069294 -9615223 107 203
42996099 -8616046 -489 98
-336609 10719736 11 -351
27846232 22137147 -473 -376
3529965 12927189 -121 -443
7819415 -10121580 -197 255
-14641303 -15086067 328 338
-23280513 -13260502 402 229
-3890282 5559113 331 -473
-9549024 1755257 332 -61
15820145 17858086 -202 -228
-26443558 21738827 444 -365
3439865 29205635 -43 -365
11266957 -13106364 -392 456
-43455889 24475659 435 -245
-12928700 -13247099 404 414
-26299338 -39246015 327 488
-3655585 -10447302 92 263
7333943 -6416921 -80 70
-8325017 -15774565 143 271
-27924562 28646937 348 -357
-5860506 -7823577 343 458
15575475 -7912133 -187 95
6773762 -37918486 -77 431
16157717 22715389 -244 -343
-96911 215969 17 -38
21052602 -1107174 -228 12
4102758 -12058240 -49 144
15244852 598065 -434 -17
2010875 5399048 -79 -212
-50324 6204015 1 -125
4778345 3056355 -183 -117
-499496 10242819 15 -308
-31331917 -32445985 337 349
4877604 -11359524 -146 340
626111 1322547 -129 -272
-12462152 -708938 316 18
-5690847 3684693 173 -112
27245121 3274250 -283 -34
38579061 29279451 -477 -362
-17571521 15490966 228 -201
-16445582 25216399 210 -322
15828424 -13673474 -191 165
16593006 -8885358 -183 98
-3297533 214978 154 -10
8613092 -5284842 -264 162
26417272 -1686743 -407 26
-2109122 -302651 257 37
-21180382 -17171830 296 240
-42098575 16875204 479 -192
-5389616 26105668 77 -373
-13585926 21155752 271 -422
-13387635 -15838111 202 239
-3474177 -15050827 75 325
-3190718 10866882 128 -436
-3161477 32901787 44 -458
6085251 -10582206 -226 393
-1643564 -3490206 168 357
-5229312 5369551 224 -230
-11538438 -9682556 168 141
-6294107 1496360 101 -24
9591767 -883951 -477 44
11314922 26820367 -154 -365
9853360 5119427 -283 -147
-7810965 8166166 308 -322
-2121204 6321633 156 -465
38150783 -25295203 -460 305
164824 214831 -294 -380
38674760 -43115751 -418 466
-10572931 14329924 318 -431
-8160075 6411835 154 -121
3365031 6623790 -62 -122
-130736 2168093 9 -150
35466903 -10530099 -357 106
29988775 26592116 -353 -313
-13950167 8639056 478 -296
3366664 -2618169 -36 28
22266111 -27537809 -321 397
158919 -18274458 -2 229
-5603673 -4801669 154 132
562761 701791 -369 -459
-22648264 -498221 363 8
-2075388 -41673349 23 462
-38106508 28162023 410 -303
4472339 -314252 -440 31
852573 2460298 -68 -196
5453792 -14666632 -119 320
-303923 7766895 18 -461
-5633208 27935853 99 -491
-5354594 3575693 322 -215
-1903440 7586801 76 -303
-45187913 -19509678 491 212
-3980304 -3248774 398 325
7587628 -7681107 -81 82
-8765609 -35457157 110 445
14590380 -1747351 -217 26
2634056 -1737089 -332 219
36310220 -15433479 -407 173
-392812 6431579 15 -246
16804513 -31364544 -262 489
-30014964 11308208 361 -136
-330915 -128607 255 100
-18802915 -4509092 296 71
-28267546 10877765 434 -167
9870674 13048273 -115 -152
-16044448 14716517 302 -277
1755497 -2107530 -354 425
3433700 -2056506 -212 127
300556 -2710373 -29 261
-2301891 12151228 50 -264
18701993 -25513633 -313 427
-14834943 -5308210 190 68
-592635 -36491 95 6
-22331737 -6246060 311 87
-8150060 8363471 344 -353
104884 -8213617 -5 389
35624540 -43614178 -379 464
8603459 -2306924 -343 92
-2456911 -469445 188 36
3850050 -14974200 -45 175
1202693 470514 -287 -112
2716993 -2002389 -369 272
-24282268 9603773 354 -140
-17345662 -6521684 476 179
10006181 8043069 -382 -307
-4816119 -6168462 377 483
12219177 11030105 -195 -176
33862027 34822689 -459 -472
-320694 -354673 54 60
5979778 -12503739 -110 230
22152026 14567063 -438 -288
-3949941 37663182 41 -391
19950309 19886910 -307 -306
-3239726 -12120396 97 363
-9824164 30725366 141 -441
693780 -18307964 -11 290
-5875075 39536348 63 -424
3841662 -4950611 -194 250
1781250 6587080 -102 -377
-1897314 -3286569 135 234
-25887210 -24708967 330 315
-8010298 8761388 320 -350
-3793853 13585693 43 -154
33425510 23708467 -454 -322
14966102 16974904 -343 -389
-3205795 4407911 112 -154
-14077287 -5977311 405 172
6128267 -11602040 -262 496
2310506 -1850205 -432 346
1196671 -2136023 -209 373
16723549 -8269347 -273 135
-482524 1542737 5 -16
-2519525 -6309441 95 238
14902205 -23298011 -284 444
15965765 19411896 -394 -479
-33715152 -11329381 366 123
-10843569 21508891 244 -484
-4142622 -17158487 49 203
-30670677 -16529940 436 235
-8531163 -23612442 138 382
32670479 36348620 -391 -435
10790952 10249572 -159 -151
2918224 2994647 -156 -160
6724182 9928093 -168 -248
-7827622 7275129 439 -408
33712334 -4057920 -407 49
-11703855 5572502 418 -199
-5862023 2108758 317 -114
-24914812 -15202820 449 274
29088784 -22352072 -475 365
2245260 8492718 -105 -397
30883552 -10129135 -375 123
-1991123 -1630602 122 100
11063520 42098900 -123 -468
13365420 3941833 -485 -143
-12588532 22603863 137 -246
3065016 9261009 -146 -441
-46150765 33806305 486 -356
15374670 -15237184 -224 222
-32870146 2753924 394 -33
12974976 -2440076 -202 38
-6561384 7426167 258 -292
5674353 -21269722 -131 491
5868573 8943351 -233 -355
8417455 -17051254 -234 474
20154326 8356073 -275 -114
-18003951 -14499262 406 327
36643145 13575970 -413 -153
-2438451 5269573 31 -67
2820692 14225407 -48 -242
-2351362 1113034 372 -176
-6598544 -10631434 296 477
-22643121 22852327 325 -328
-21277014 -5361779 488 123
33297360 18752074 -396 -223
-12159986 40562796 131 -437
23526660 -4256442 -315 57
-2631929 343645 499 -65
-1913855 5012149 155 -406
-18638166 -3975893 314 67
-3773116 7997623 192 -407
15791799 4326670 -230 -63
500632 9818482 -12 -235
4379532 -5456437 -61 76
6608587 -9017382 -107 146
16488507 19842300 -364 -438
5309359 4688068 -341 -301
-3854108 1228536 339 -108
21581303 -18343811 -220 187
-11877959 -24265089 209 427
-20032382 -4450586 459 102
45946270 -45853432 -496 495
-1131454 -5471429 81 392
44177138 -33878408 -459 352
11563374 11948599 -422 -436
12992900 -13265025 -334 341
-7108945 2884426 106 -43
-16263044 26829648 197 -325
2060395 -29923205 -27 392
-16295809 14403917 422 -373
-10625707 27033241 147 -374
-28782559 20393148 470 -333
8178393 4822893 -402 -237
10719585 -2098025 -475 93
28943157 -12071941 -374 156
-19723197 15221523 460 -355
-7408508 9031619 283 -345
16251375 -6390926 -328 129
-14306531 32495564 210 -477
16839129 -1714696 -373 38
-22333632 -11776243 256 135
11573301 19506715 -143 -241
-25831170 30467614 312 -368
-2350423 10080528 107 -459
5512989 3123111 -415 -235
3596140 -3304310 -222 204
-7682010 25379349 102 -337
14947561 5081349 -153 -52
-15759589 -18171528 222 256
-15492120 9262071 460 -275
-11381447 -23355128 134 275
-12442383 9332156 476 -357
31842023 -5947745 -364 68
4970323 3460463 -444 -309
6043819 -59919 -497 5
3036332 2575286 -407 -345
-504103 6760899 35 -470
-7357573 9257879 151 -190
-34073880 25515784 426 -319
-10816178 19427162 260 -467
14208503 17348321 -163 -199
-9962106 -1525108 235 36
12158399 5217946 -289 -124
20841656 -24618716 -309 365
-23279680 -22766457 273 267
8502622 -11918300 -351 492
-2740168 20189 142 -1
-23904824 16038810 313 -210
-22513328 21338946 230 -218
-11420022 -752548 485 32
701503 -6558744 -41 383
321629 2066687 -22 -141
-6141448 12032461 172 -337
28133871 3087985 -401 -44
20480917 35624566 -257 -447
-16570889 -8359293 331 167
3088358 -5668899 -237 435
34619028 -10225759 -413 122
-7004945 -2856833 250 102
-8680578 -3920980 436 197
2613828 -1714888 -32 21
10 100
-19163 8722 387 -176
1687 -13275 -12 140
-13781 12824 359 -327
14531 13202 -481 -464
-9739 -8490 491 392
14581 10379 -483 -367
-15885 25842 294 -466
1531 -1591 -239 331
2326 -666 -291 68
-3747 2153 393 -220
500 100000
1315989 -6454642 -41 201
-23181338 -32024404 249 344
26573009 -32334147 -286 348
-16542642 -16402660 238 236
-1046185 -866722 123 102
3905751 27283363 -63 -440
-11147473 -26382319 199 471
22964404 -19650731 -492 421
8039698 -4033448 -297 149
-238041 5567403 11 -258
-8234777 12642214 269 -413
-12951238 20303412 310 -486
16274635 24459246 -177 -266
17501340 5925234 -449 -152
14748710 4899375 -283 -94
-9590069 8625376 358 -322
8582973 39294373 -90 -412
2414150 1673374 -433 -300
-8997091 -8353520 280 260
-10775611 22009729 211 -431
-26193642 27798050 457 -485
-26591756 -21081595 362 287
10359315 -1035722 -140 14
25497977 -13506758 -387 205
2418778 22850825 -27 -255
17645879 29080762 -267 -440
-18313402 18834738 351 -361
33933828 5988718 -476 -84
-1031546 -2154303 111 232
-41833018 -34778357 427 355
37813488 4915328 -477 -62
40124845 -12570173 -482 151
-167692 116404 302 -210
13162248 -20684315 -203 319
18888457 -36901285 -237 463
3485016 -3362766 -341 329
-18160385 -39836987 191 419
-4055461 14606694 88 -317
35133477 32102561 -394 -360
-4462257 9300446 71 -148
16137718 15212709 -366 -345
-30651002 23011030 333 -250
-30638703 -5969309 349 68
-19848683 -6202216 400 125
5392006 -718740 -165 22
12289348 -1708763 -489 68
-943594 -2981927 43 136
-3343471 -7019556 90 189
-9706213 11290382 147 -171
-9978990 -24126374 134 324
-2441206 2143905 485 -426
14178231 -26951883 -232 441
-16434921 -21521957 323 423
-1805240 25083657 30 -417
17614415 15274138 -316 -274
-1111337 3698855 103 -343
173413 -170073 -372 364
27067264 -17049867 -408 257
35594847 8496702 -398 -95
-11018614 -3255549 467 138
-20998308 5599643 405 -108
-28591076 19902993 362 -252
9696250 2390691 -430 -106
1308622 2979255 -218 -496
11765254 18780518 -208 -332
5381542 -536606 -401 40
12292177 1265238 -379 -39
-5213025 25432921 58 -283
-20984731 21220774 355 -359
-21035929 -23222632 250 276
4987484 -10887123 -219 478
-42336440 -3488407 449 37
-8331734 14579617 88 -154
-449765 -19566989 7 305
-24091604 -14277634 491 291
8241970 20289881 -195 -480
27247462 21863098 -339 -272
4156768 -24459451 -60 353
1439763 225654 -147 -23
-29801839 39674758 329 -438
7593069 9881306 -83 -108
131458 -6474980 -2 98
-88573 -60201 465 320
-18301144 36700656 184 -369
-9159291 -8710350 184 175
-8061359 17209569 163 -348
-2916507 -2891489 485 481
-162681 -39944 439 109
-10934726 -12658736 393 455
-4256916 23139827 71 -386
-3711606 6847418 226 -417
-11048365 12428921 256 -288
-20175399 -36390345 265 478
-9314586 -2932831 362 114
8906292 20530531 -141 -325
-23817205 17692555 420 -312
28804118 -2202915 -353 27
-462012 3310995 17 -122
4314550 1943874 -373 -168
46731414 37764592 -469 -379
-13890931 27284685 140 -275
135815 38085 -130 -36
3871599 4234613 -246 -269
-9476242 8133922 346 -297
940125 941093 -13 -13
22632209 4501144 -352 -70
-10502792 2479613 449 -106
27529973 2914562 -444 -47
1877617 2579981 -158 -217
-3039974 3607024 316 -375
563796 -2338304 -7 29
28409882 -38620326 -320 435
-36798169 -29909980 374 304
-34066580 14469130 372 -158
2949393 -11719203 -73 290
-8471802 -725819 490 42
-3073737 31828358 42 -435
-7151972 -7041833 262 258
10055116 -8668521 -464 400
12780249 -32599190 -158 403
21960876 18145354 -328 -271
6439014 42085074 -71 -464
-12571411 14274353 369 -419
15303795 22019361 -253 -364
14645903 14758677 -262 -264
9073694 -32491867 -93 333
-6363082 -2708462 101 43
18236837 24232547 -216 -287
17184252 11413832 -399 -265
-26325418 13482121 412 -211
-4445838 -7231918 126 205
3565237 8248002 -147 -340
-34328180 5080454 473 -70
6447716 48363271 -66 -495
6977499 25433194 -121 -441
17439601 -8596170 -282 139
37057888 -21187739 -453 259
-4350027 -11875783 167 456
-25066606 -23478357 379 355
16037963 12760588 -318 -253
-119350 9850059 4 -332
-3317371 3931152 216 -256
12258877 -34522035 -163 459
4423521 14916184 -70 -236
39834 -7515069 -2 371
2418857 5125875 -228 -483
15622556 -5692396 -247 90
10257142 -1119822 -174 19
-11469551 7819960 242 -165
-48860550 -24629073 490 247
-4334305 -11792860 183 498
-9696779 8326563 361 -310
-1779562 1674519 408 -384
7233627 -2657225 -147 54
-17427932 -9135586 227 119
20374029 21590002 -218 -231
-4086824 -40165535 47 462
-7837670 18676493 201 -479
-26729641 -28209289 343 362
5503939 -2247681 -382 156
-3322134 2524578 225 -171
-6896399 3053345 131 -58
3918465 -27686574 -62 438
-10373766 -21705244 173 362
-477646 3656927 45 -345
-12201544 5117706 422 -177
-1156304 -145473 111 14
-1470175 3067742 183 -382
-2944738 -11327905 46 177
-16661032 42400429 189 -481
-463356 272050 206 -121
-7249760 -9665151 108 144
1009010 3833365 -108 -410
14491520 -35537923 -157 385
11129397 9736279 -495 -433
-9589487 -14043631 325 476
4882699 -5644386 -263 304
4708434 5619704 -269 -321
-21507899 -24950901 306 355
-6742403 -9351790 328 455
-17375182 -4677470 260 70
7029598 7739503 -119 -131
-12975296 874224 193 -13
16331977 24973775 -327 -500
-42041597 17247829 468 -192
-8690538 -6372286 180 132
21375219 32380810 -270 -409
137414 728159 -48 -253
-25669155 33206313 378 -489
9869377 15295116 -131 -203
811533 2420373 -49 -146
-505157 405514 61 -49
-10931226 38211982 121 -423
-27640151 -25235755 414 378
745391 -4923780 -10 66
25598657 -15282090 -464 277
4882790 -262984 -371 20
1293602 -1038704 -365 293
-10807048 3900797 169 -61
-7530838 -1762099 188 44
-3214296 9883007 93 -286
6456992 8515033 -248 -327
10255785 4048877 -114 -45
-2452202 -35902495 31 454
13830220 -19870112 -300 431
6880999 8957392 -189 -246
1526692 -8104174 -49 260
-575381 -1266806 166 366
-3766627 3417059 302 -274
-26715928 -42955533 278 447
-4067084 -247244 115 7
-31086251 13039205 329 -138
9592104 -7206867 -382 287
-24126463 37301760 271 -419
-375971 23956158 6 -383
-25798056 5850237 269 -61
10182237 16745519 -135 -222
4543325 5150160 -435 -493
-12999902 6309519 478 -232
-4464868 -26784837 55 330
-23501817 -22096407 251 236
-9144620 15240163 216 -360
140142 211526 -48 -72
-5541982 -22636527 94 384
-2686137 25117190 34 -318
1439135 9902202 -57 -392
-7135638 -21850539 112 343
8556627 18826375 -205 -451
2069019 260613 -477 -60
5169264 12301182 -58 -138
3717896 28568378 -63 -484
38444901 -3383682 -409 36
-21963359 20139628 265 -243
-3345982 -1701045 350 178
-1156574 -458094 58 23
-4588604 21990635 58 -278
-896997 3489471 28 -109
1571923 18010359 -42 -481
-6523376 20847328 102 -326
1109936 2333268 -159 -334
-6664291 10267677 98 -151
-16565282 4212575 291 -74
-4440669 -26392979 54 321
5792258 1835316 -161 -51
864683 1291883 -268 -400
-7688096 3750647 453 -221
41530421 16303062 -456 -179
-18854180 -3789857 194 39
-17693681 3185013 200 -36
-10907356 9765802 497 -445
-11618836 -27156254 163 381
-25767244 -18798780 392 286
4460361 15347910 -109 -375
-23437754 24216733 421 -435
4549637 13231217 -65 -189
-15143550 -20103192 348 462
-7400722 -27281757 83 306
-648457 760707 69 -81
-19011275 -7700777 432 175
29120057 -14644250 -346 174
-45965590 43311539 485 -457
-18912983 -13233125 363 254
4945492 14909970 -139 -419
9611290 39082930 -106 -431
28866475 6208965 -451 -97
810830 -23082991 -9 256
4811261 16582992 -65 -224
2017668 -1906222 -397 375
-23842904 -10812518 441 200
6953330 29361658 -108 -456
-8057771 587776 384 -28
22554398 -31563302 -333 466
-12647758 26004948 178 -366
6874546 -6214339 -281 254
-3785174 -10253410 117 317
6718405 6263848 -413 -385
-359640 -398229 118 131
14163330 6682792 -195 -92
-745652 -2125484 157 448
7586765 -41644460 -88 483
1462776 1454102 -304 -302
-9542107 -2436377 372 95
-8274583 9395153 155 -176
-4098640 -4832221 424 500
-35279731 -4834540 467 64
-20816754 24357971 288 -337
-865773 4493142 93 -483
-3525978 -14965601 53 225
-1664884 -733931 34 15
19555274 -30575306 -252 394
-48596454 -8361346 494 85
17670581 -24988606 -227 321
35875918 17830735 -499 -248
-4429411 -43302766 45 440
-582351 -38075 91 6
-33772964 23583359 411 -287
-5460881 7081171 283 -367
-25415729 -22260201 427 374
-25107588 -9367973 335 125
5908408 -9927011 -150 252
-8440454 15082459 216 -386
-18233205 8368401 329 -151
25272694 6510090 -330 -85
14262948 -1062337 -349 26
-754734 539667 137 -98
362118 1124959 -20 -62
-37746165 21520322 442 -252
38759799 -37429367 -466 450
1473092 421357 -420 -120
-4027043 -5247562 356 464
-11156980 -1694343 237 36
-14294002 -10511138 257 189
-14868112 -14606309 228 224
-213243 2178930 8 -82
-18398161 30767385 293 -490
-5107216 -7109856 288 401
-6453476 -23928796 72 267
-4181959 -355269 294 25
14464870 20659300 -341 -487
7705734 -3530960 -371 170
-4126348 -12771707 94 291
-12598003 8378099 412 -274
-11754614 -9013471 163 125
-16362655 44785335 175 -479
-20109343 12985988 367 -237
-4854767 11326448 183 -427
-11336935 16827532 192 -285
8471593 -8632867 -316 322
-27740368 -21216300 421 322
4651800 18855115 -76 -308
-13009768 -17855321 255 350
4981441 -7641220 -148 227
-11682500 23104320 180 -356
27415096 -12381048 -434 196
34601091 31473166 -376 -342
25782185 -39672354 -297 457
4480827 -5275418 -158 186
-9759704 -1439571 366 54
25636818 6628776 -468 -121
13450324 -6565095 -252 123
-6500732 5289141 161 -131
-22065538 22800624 450 -465
629905 31056545 -8 -394
-454191 1270080 5 -14
-8418332 -19400381 210 484
-3625448 -2857153 496 391
43496638 6490964 -449 -67
-9943237 -9751980 418 410
8873476 4531768 -94 -48
-8678009 -37755331 94 409
40454308 -25971826 -500 321
10432789 4099149 -196 -77
9747944 35050688 -131 -471
-8458850 9731708 372 -428
-27957651 -18004790 427 275
-11775 -12223 336 379
-35981658 -23334663 478 310
-2740650 -1716843 442 277
-11470071 -16248017 348 493
145716 184324 -35 -44
18728474 -15829628 -323 273
-29770603 -39910016 320 429
40597455 43671211 -436 -469
3280313 5848413 -239 -426
9563447 -14089731 -224 330
28129 398276 -27 -373
-31318787 46404537 328 -486
-21457681 1240996 294 -17
-6768652 -10787770 133 212
21246545 10698186 -286 -144
-18826926 -17684976 396 372
-14821432 -6426415 339 147
-22773160 -2134647 320 30
-6126510 14208801 72 -167
2371238 -2328530 -110 108
164789 -11417841 -5 345
4408581 -27056563 -66 405
4464406 4529160 -70 -71
-5510182 -7742320 301 423
4145935 -8112682 -184 360
-7783767 -11282185 129 187
-182925 35354843 2 -388
-9899 -54381 61 362
-953684 -176683 447 83
10412280 -5991547 -179 103
-103017 71410 164 -114
-29975684 39401381 318 -418
-436394 26505486 6 -365
-10143434 -30987570 145 443
-20827772 -26499853 268 341
5171154 -8929231 -128 221
-9622095 -5741533 248 148
2719400 -1825452 -441 296
7969431 21816279 -137 -375
-7085360 7249725 129 -132
-4329055 2885870 156 -104
-8073550 -6378287 405 320
-10665403 449747 261 -11
25552050 36788265 -257 -370
1404769 9402292 -58 -388
-27268735 10870222 439 -175
-2787679 -1806819 438 284
-35359292 30736843 459 -399
-1037157 14203842 27 -370
-8298901 -8838527 307 327
-1529846 16209382 30 -318
25285935 -17567271 -475 330
15272966 1351929 -339 -30
-2997278 2949920 383 -377
601334 248849 -310 -128
15572081 -22278679 -346 495
-3383406 -4069777 251 302
-9833522 -8067693 156 128
-467432 -3373061 22 159
-3578250 -9173608 140 359
11337552 6385821 -364 -205
-6925281 1032739 389 -58
-27850181 23953411 436 -375
7962007 -7772834 -252 246
11004936 -4411448 -464 186
19421 73519 -14 -51
-168355 382190 18 -41
-5097731 6805453 373 -498
-1252679 -913705 363 265
20197413 -22510587 -262 292
3523765 3067193 -493 -429
20001517 1839043 -446 -41
5896689 29400389 -68 -339
-26136480 -28466095 314 342
91566 -26012523 -1 282
13377203 -10998132 -253 208
-4411942 -902974 210 43
3857825 -10887569 -101 285
31122856 31549012 -366 -371
5718997 1191884 -432 -90
18922284 18040547 -343 -327
-7280618 -22201275 161 491
-6103236 2866639 66 -31
-10024731 -8486747 150 127
-805860 1341049 227 -378
25327444 8342242 -419 -138
-28494715 -17307770 377 229
9862343 25970537 -139 -366
12601322 10112686 -491 -394
-26860227 22718482 454 -384
22935403 31253863 -273 -372
4541223 22117364 -46 -224
3544947 -3591842 -305 309
2651754 37836590 -34 -485
-18260411 -9207613 234 118
3984233 7112603 -237 -423
-3362745 8108773 68 -164
1453629 1027444 -286 -202
8959325 -13838954 -101 156
4483968 19381785 -115 -497
-3629030 -7606351 197 413
-1383543 -2533993 239 438
8520701 8468907 -323 -321
12106489 -243951 -347 7
20427126 -21375220 -388 406
-9315274 -20278358 96 209
7705475 -35905318 -91 424
31374249 29773479 -333 -316
28520446 -6827724 -401 96
-35485669 -24186422 424 289
1528187 -15961172 -25 261
3049265 -3910714 -294 377
27063440 11919426 -495 -218
-3358342 747659 301 -67
26462209 4422092 -389 -65
-22590974 5634686 429 -107
8469128 1634048 -197 -38
-4955637 1817094 450 -165
-4137905 -23849595 51 294
3745009 -952196 -350 89
31706458 -29750468 -470 441
-10411712 9428032 180 -163
-20673081 -24019083 210 244
-322612 13682215 8 -340
7496806 -7119982 -318 302
-3162488 7560240 156 -373
362329 -2286743 -70 441
-2877880 12021095 118 -493
10466846 -26985395 -173 446
8326116 -3897369 -94 44
33312761 -26207525 -361 284
10514858 20696475 -157 -309
1832142 -11934435 -43 280
5618781 8908297 -311 -493
-26945251 -32772185 356 433
-32532225 44300576 340 -463
7360295 -2475689 -330 111
8912120 -6499210 -325 237
-1970889 22568020 33 -378
-896924 2818551 83 -261
48380482 -4353035 -489 44
-14939785 5017702 396 -133
42039658 -36397078 -447 387
15940080 9146613 -183 -105
-27948019 -4333126 445 69
10 100
18069 -2552 -480 51
-265 -693 264 -4
-9897 -14484 289 372
23326 -14183 -256 153
-5569 -7731 106 117
22353 -2330 -308 23
-5694 -589 270 -5
-13292 11599 440 -385
-13134 -23606 258 424
4595 3001 -380 -372
10 100
-2660 2600 435 -428
-10957 6197 138 -78
9216 1496 -331 -52
7493 11569 -91 -139
-15928 7332 248 -114
44449 11327 -445 -113
2604 9624 -62 -223
1009 -803 -178 140
9751 -5238 -218 117
-16176 -33663 199 416
10 100
4082 14037 -95 -311
-8673 11295 302 -356
22944 12802 -381 -197
13085 1278 -382 -9
3167 -12750 -58 259
-4125 -2840 54 49
-8395 -5548 265 204
18424 -38516 -232 500
12607 8366 -149 -88
11066 5883 -244 -109
10 100
-7907 -6423 164 111
7631 -19605 -175 446
-1867 -6110 28 68
3040 8511 -120 -408
-2181 -1893 154 64
-12768 -4172 233 59
-16618 10172 277 -181
-27536 -32528 428 487
29851 -38444 -336 427
-6760 -8757 282 315
10 100
-10431 -16156 265 422
-20427 -8622 337 132
-26423 -20677 412 318
5736 -11236 -301 467
-11392 -9402 309 248
-3085 -9931 55 224
14113 -23598 -263 397
3542 1281 -260 -132
-8431 -10430 236 296
-12965 -17308 345 467
500 100000
-8171902 -34010139 117 487
13656976 15512646 -302 -343
421854 1607210 -5 -19
35164778 -25455328 -402 291
-587793 5101292 26 -226
1140471 -740804 -348 226
-1122762 -784168 183 128
11216751 22653763 -206 -416
28316966 -10432443 -342 126
5118115 5378102 -99 -104
3007132 -10798609 -100 359
3041632 902466 -479 -142
2279068 1395328 -170 -104
-1531975 1691871 105 -116
8665583 7150393 -320 -264
-13919452 -4550517 367 120
22187078 4021613 -309 -56
9306628 4668095 -337 -169
-24354537 -19395393 280 223
11879278 5857408 -357 -176
-8328218 -10147670 375 457
21603566 24584948 -232 -264
-19221766 -14601893 283 215
28373857 -1867233 -395 26
19992411 -18537447 -261 242
5318964 15763278 -135 -400
8243658 37387010 -101 -458
-18925173 19756981 432 -451
11564435 -5836279 -214 108
15702746 -7679196 -456 223
-13442709 -3446125 390 100
-5654603 -4490036 384 305
-15485343 19065046 173 -213
-5025005 -5909409 397 467
8683123 1336498 -286 -44
-21646026 -1746651 223 18
-5096956 -3472469 292 199
-43993794 -9526634 471 102
-92645 126824 193 -266
-30132564 -12769979 361 153
-18511725 -33853425 187 342
4643441 5173990 -79 -88
-22777555 -29993101 344 453
5604234 3048922 -171 -93
-3013728 -4986644 206 341
2268801 7064588 -98 -305
8950329 -3364943 -258 97
30121968 -21728661 -445 321
-8193476 -6879121 156 131
9122445 -2724701 -154 46
-26537862 37368734 343 -483
-16288243 -14101278 313 271
-1327726 -4308812 125 406
-2860790 2492290 272 -237
573798 -19099543 -13 432
-22476906 24155645 348 -374
16329279 21376592 -178 -233
-14396674 -31027125 206 444
-8610513 15941564 128 -237
-12758528 35525341 130 -362
-7908223 6630403 390 -327
18567400 -8514597 -338 155
11157583 -2284371 -420 86
-5613129 6188794 263 -290
-2891654 -31420022 46 500
-1643782 315354 240 -46
-14560819 16258970 360 -402
-20983547 18219496 410 -356
-12728681 1065555 239 -20
2811073 2551850 -356 -323
5693838 26776 -433 -2
-16490736 -2957615 262 47
20997525 17619261 -379 -318
1232728 531142 -365 -157
-7528999 9003578 148 -177
2556583 20680140 -35 -283
25791230 -10125990 -298 117
-20855849 10025448 285 -137
13989883 207756 -270 -4
-2511345 -6682553 74 197
12350256 -4559091 -428 158
8641319 -127557 -405 6
-7743978 -18123273 182 426
-11658070 -7442130 390 249
-7242309 -3894686 277 149
15945528 -26067748 -167 273
-25256896 -30948979 346 424
7311708 8252218 -366 -413
11005697 -20255494 -119 219
20200666 -11880217 -454 267
-5693740 3119290 303 -166
-9982901 27987176 107 -300
-12973379 23835315 166 -305
30442319 35440770 -396 -461
-5093424 -216217 470 20
4988374 -19877725 -63 251
18956327 -22533680 -265 315
-9086274 19322746 142 -302
5497625 10201834 -76 -141
4343992 -3415919 -248 195
1067597 2126132 -186 -370
-8804808 8116516 320 -295
30182088 17575426 -316 -184
-1391882 1033718 35 -26
18237426 -25077323 -320 440
11066402 -12654818 -230 263
-468002 -2116703 15 68
18641425 -489042 -457 12
-6202824 6412548 236 -244
-3920275 1385820 447 -158
32206419 -36340065 -413 466
168065 -320151 -223 423
-750249 1907268 156 -397
-27149538 14154153 328 -171
-12684304 -40773433 149 479
-20770708 9463135 259 -118
-3988018 -10322142 73 189
20266063 7769515 -240 -92
2993223 -2416656 -275 222
-3079844 4012594 353 -460
220519 -14175208 -5 320
-2143901 -2706701 338 427
-4343253 2888293 206 -137
21540317 3178707 -366 -54
-11044178 36667354 128 -425
945706 2330782 -13 -32
20203551 -1475416 -397 29
24566485 22974831 -293 -274
-7392613 16770750 93 -211
-27701969 -13290403 396 190
-12110084 -12075814 369 368
3998487 852819 -183 -39
9879142 -11050611 -135 151
-2962604 5392681 145 -264
-1835710 5350347 107 -312
3557201 362332 -59 -6
8345000 -3436097 -170 70
-25177717 17217557 291 -199
-29917944 31572148 452 -477
953918 7623972 -61 -487
3755843 22463099 -48 -287
25440316 -18056488 -441 313
-32882564 37694013 410 -470
421706 -9943484 -19 447
34332011 34050892 -486 -482
51864 159011 -13 -39
-817266 1538003 146 -275
-4364070 -12241140 175 491
-37134917 -23277522 402 252
531852 703616 -219 -289
-47143674 21357398 479 -217
7602253 15876669 -193 -403
-8540579 -32678645 127 486
27272439 15852530 -277 -161
-9135946 7326255 308 -247
-19885528 -7354930 319 118
1787309 5835159 -118 -385
-3730054 5779577 191 -296
-13065068 -42551157 140 456
2045811 1861196 -33 -30
17452721 12567137 -300 -216
7821511 425609 -92 -5
13144887 -10167026 -384 297
12599456 -3616678 -317 91
1606644 -3214758 -70 140
-22051046 -31250935 266 377
6718731 -8146927 -353 428
7428017 4428589 -203 -121
-1643822 615060 139 -52
-1124475 -8856448 60 473
-35500399 17072116 445 -214
-5398099 12204409 134 -303
32779623 15794120 -467 -225
1459792 3457614 -120 -284
17657526 27547743 -250 -390
3434888 3312164 -166 -160
-820 426 -38 13
31940399 35490903 -369 -410
-13245036 26738491 159 -321
1685252 -529815 -442 139
11897248 -26973747 -161 365
-25047345 25578620 471 -481
-30084177 -6569417 348 76
-2110698 27235084 33 -426
1944844 6331637 -134 -436
-13209704 -10308770 492 384
17770457 -9212473 -353 183
6041568 6696266 -148 -164
38298604 -19637825 -392 201
-5526169 3177463 200 -115
30210195 -22892458 -483 366
40693964 19323891 -457 -217
2110679 10658126 -85 -429
-26304650 14734489 266 -149
-1176926 -2881588 122 299
18160119 -5234199 -340 98
21598975 4110204 -226 -43
-319604 249969 106 -83
-8708475 7833428 458 -412
6892772 -21957382 -108 344
36943800 -41551924 -441 496
-7864401 18077811 184 -423
-319657 -8304002 17 443
-13455972 -14489519 156 168
23246979 33071520 -284 -404
745939 825426 -402 -444
28191915 -43544028 -292 451
-10263785 4014152 404 -158
2324032 -33296964 -28 401
-9794849 18912791 232 -448
289299 -476766 -295 485
20603018 -24896023 -408 493
-8230242 -10131514 173 213
-6555170 -27576600 106 446
3479692 -3190129 -36 33
-2930366 -2173213 345 256
12403852 26572195 -176 -377
-1080108 8303828 36 -277
-2205715 2698915 326 -399
1574078 -4085383 -170 441
4806272 -3129590 -493 321
-39807380 -7494452 478 90
-1769936 1780500 320 -322
740051 -609080 -186 153
-1095207 -770191 186 131
-21748215 -1309598 415 25
12673263 32084904 -143 -362
9411217 -7120210 -497 376
16186358 -24240264 -201 301
22289518 -12808245 -402 231
8520181 -9035389 -447 474
-24731526 -17664204 266 190
21039924 19623519 -371 -346
-3945675 -7034919 97 173
-18534179 -14138254 388 296
5198049 11224538 -107 -231
2511895 3902025 -76 -118
22984067 -20917559 -278 253
-9864223 -18660785 250 473
5790238 40798270 -67 -472
-4393232 -17317560 105 414
-4786177 -12748659 140 373
-3609154 2384901 286 -189
3745008 -7291178 -187 364
-5031117 10259302 152 -310
17745797 -9274584 -243 127
44412318 -9470689 -483 103
-3743781 10542697 120 -338
-2898053 -1386860 284 136
-16138187 -7000230 408 177
-10054216 7603771 119 -90
-2028134 -900481 108 48
13852232 -20337211 -329 483
5055496 -2634591 -497 259
-32678679 18922677 487 -282
-16288459 -1628268 440 44
-19151921 -252064 455 6
2619943 -11793684 -68 306
19798961 3282822 -374 -62
-27600930 -9462362 350 120
-183760 1805969 41 -405
202595 -1780748 -16 140
-5923566 2632734 135 -60
-6833465 19937900 122 -356
22523315 -35583483 -307 485
17861371 32618685 -184 -336
31042654 246852 -378 -3
-7160253 -14700648 131 269
-10751295 -16679580 252 391
2506997 -15559149 -49 304
-44170244 4293380 463 -45
181112 47978 -483 -126
22859660 -7033557 -351 108
1978163 1520967 -315 -242
6660749 3497187 -482 -253
-487341 -3136548 60 387
4745165 30885839 -67 -436
-24470113 -30789095 271 341
-17333568 -10778106 439 273
-1325145 1033023 336 -262
-7239974 15721973 163 -354
-6971373 -38723927 72 400
2162870 1825632 -230 -194
26101960 -14915483 -427 244
-40089300 -43868113 456 499
30802897 589087 -471 -9
-55150 -1124397 21 436
34613214 -15091613 -461 201
-943599 10840717 26 -299
-6437123 -5259592 498 407
35493034 10340464 -357 -104
-3225729 -4283854 70 93
3352782 -91582 -255 7
235636 -36846 -298 47
-18192213 1093506 233 -14
7953027 25302437 -116 -369
-5687134 -14625778 173 445
19319274 29819518 -311 -480
15696789 6810293 -491 -213
26519031 22719276 -300 -257
-22345268 12244703 396 -217
23798853 21518134 -365 -330
4402713 3951453 -214 -192
5999649 20581541 -114 -391
-31747701 -12711661 472 189
2297229 24831097 -46 -497
22330356 28762311 -382 -492
9305416 -3507474 -451 170
33685737 -3855235 -498 57
-1196169 -4647524 36 140
24287688 8123770 -299 -100
-7947494 2941308 381 -141
-467876 -5931956 17 216
2386927 -8309411 -25 87
-22303627 -23552790 428 452
-11420468 11684311 216 -221
-3300381 -1832523 360 200
-1582369 -810197 277 142
6204082 14217115 -79 -181
-135817 -2098096 16 249
-4789351 -3540224 142 105
24186730 26825668 -376 -417
-5496666 -13294654 198 479
1033865 2415105 -42 -98
6348784 4645207 -324 -237
6282515 -7829706 -195 243
1018903 -650056 -243 155
4836683 -8939706 -204 377
4008893 142846 -169 -6
-1428174 4745916 40 -133
2623959 5882292 -54 -121
-1261840 246762 343 -67
1655734 -1709204 -344 355
-7412716 -13393591 140 253
-36989707 -18804342 417 212
4169799 -7113518 -282 481
-3427541 6599799 54 -104
15608300 14510509 -497 -462
30152919 -41008834 -350 476
-2831099 11358719 75 -301
751658 -15102494 -15 301
-440579 -1829360 80 333
10948507 1899469 -271 -47
3319903 -39040075 -41 482
10981214 -27244977 -183 454
-6655629 -1791162 182 49
19089675 19733608 -208 -215
-21913760 8621907 427 -168
-2027397 -4390094 84 182
-8199029 6054431 130 -96
-3328269 7954799 64 -153
-1909463 -10955704 27 155
-32911789 -35402273 383 412
-5380865 2015124 478 -179
-12833784 2153932 292 -49
-1695112 2030028 298 -357
-27194607 8027103 393 -116
6010784 -12824609 -120 256
-10953769 7420118 124 -84
14879388 -29068138 -215 420
-14566966 9813811 331 -223
15655271 4801729 -375 -115
-6702201 -17369797 76 197
-181486 -252575 107 150
-21820259 -6222359 277 79
-12454566 2068889 289 -48
-11527416 31136824 154 -416
2193136 14594596 -66 -439
-6613163 -272360 412 17
8560538 22595803 -97 -256
549934 -575554 -285 298
28141003 6055618 -488 -105
7342776 -11514117 -287 450
3112678 -2001163 -56 36
-641758 -25758 464 19
-12750411 -27649872 160 347
18003908 15063729 -355 -297
-8207755 7766044 93 -88
-37444309 11446033 458 -140
-2722752 18757047 46 -317
-31797477 17538755 475 -262
2359140 -532885 -177 40
-13074761 17267028 343 -453
14611755 -2474904 -183 31
3827701 5823249 -48 -73
-12431642 -10404457 405 339
-9427702 -27443459 124 361
11733947 -12826063 -215 235
13804031 -10629377 -500 385
2288134 4702445 -148 -304
11423101 -9606921 -327 275
13833983 14497396 -209 -219
9906999 4519906 -456 -208
27458056 3295563 -275 -33
20438980 23470355 -425 -488
-8164901 -15414286 152 287
-26134212 11760436 420 -189
-1449649 6881672 16 -76
-145330 953184 5 -33
-12916405 21989836 195 -332
19147160 17357202 -481 -436
-13856714 12356794 499 -445
-1021969 24453424 20 -479
13098339 465939 -394 -14
2197217 6667532 -91 -276
-5383718 11031137 203 -416
-21334710 -28196654 373 493
-38267782 -31933121 429 358
-10921100 1802474 303 -50
6256880 3487004 -140 -78
-357949 -384400 243 262
43958557 38453199 -463 -405
-16401206 12906223 413 -325
6522726 26314553 -119 -480
-597590 1041378 94 -164
-20871784 40174324 213 -410
-15979060 -25208181 296 467
-3212379 -19581278 41 250
-31967512 -12172823 344 131
20156337 13438683 -345 -230
-12589651 -936349 430 32
-24192939 -18033530 330 246
-22273685 41196626 266 -492
5959024 -1477609 -500 124
-20742344 21600963 338 -352
1463543 -13381181 -51 466
392466 -17901408 -8 364
17292872 -6660400 -283 109
-13300126 16306769 314 -385
17301112 37280231 -194 -418
524420 -180818 -284 98
-17236152 2398762 424 -59
11027456 -3501984 -381 121
-16722252 -4571748 384 105
-3585849 -7707009 120 258
-19366193 24224606 275 -344
436773 16033137 -8 -293
-25828271 18343731 352 -250
-6991965 12676443 91 -165
-32311373 20896874 368 -238
-7295952 -3994397 420 230
24411640 -32380654 -337 447
14561518 5741461 -208 -82
-2559656 -1399555 53 29
-878925 441340 233 -117
-340479 71286 350 -73
1167428 463817 -290 -115
-29788068 11045926 418 -155
40345473 30157597 -491 -367
-15923731 7719128 328 -159
-13073740 -26644639 157 320
-24413443 -6518037 382 102
-4989986 34440774 62 -428
33996527 -24175522 -450 320
5860371 8401730 -60 -86
19328438 -19166506 -238 236
-10051056 -86912 115 1
-9464915 8875746 418 -392
5602709 -34812378 -80 497
-34537054 -25123918 433 315
39927749 1786990 -447 -20
4909072 -16949290 -73 252
-8341559 -7595746 437 398
-3247785 8353174 124 -319
1132696 -2609305 -96 221
-11990898 -9529979 234 186
-14313854 -5940057 412 171
2032576 -6140845 -50 151
5573326 3372026 -248 -150
-35495482 663034 375 -7
-31558736 -22950623 484 352
2013745 38463236 -22 -420
13366270 27009181 -195 -394
-5459951 21688851 74 -294
924185 4379544 -45 -213
26262018 9455155 -500 -180
11009414 16140692 -264 -387
11300102 11803824 -225 -235
2281544 35379532 -30 -465
-249156 15089816 5 -304
9643263 -6022084 -237 148
-10342264 36078328 133 -464
20486523 -15610996 -500 381
35922276 16914667 -463 -218
-39452943 -11688998 459 136
2729499 -3633539 -275 366
-16169843 -3103948 375 72
-1430845 -808266 221 125
-47434903 -37530761 479 379
-8623210 -9370648 426 463
1297277 11923226 -49 -450
13477740 -30579371 -160 363
5901763 4948368 -68 -57
1307179 -639740 -425 208
20029037 30435684 -231 -351
-3921563 15536262 107 -424
4258297 -19992036 -49 230
-43289420 2956292 454 -31
41573403 7506968 -432 -78
13561603 7079198 -228 -119
10 100
10846 -35630 -120 402
5807 -32011 -82 475
-895 -2647 81 124
-15857 -20185 214 257
-14259 -3943 473 106
6683 -4976 -299 206
12705 20510 -251 -432
-37917 1486 412 -23
-114 -1047 255 195
395 -660 -411 -416
10 100
-26998 4712 299 -44
9181 10530 -280 -318
2661 644 -431 5
-8114 -15819 105 201
5632 5722 -223 -220
11734 -23135 -212 449
-17967 26152 253 -349
183 -509 105 391
8597 -17827 -176 402
8022 -10505 -109 162
10 100
20535 24678 -384 -462
-9340 -28843 150 447
1775 491 -302 40
20035 -9267 -214 109
6767 4736 -413 -272
-11945 3317 184 -39
1060 1519 -71 -122
-2596 -5123 96 175
-1433 -604 143 90
13872 20004 -251 -365
10 100
29865 15911 -452 -243
8558 -32250 -136 483
304 -8986 -22 261
20332 15868 -253 -198
-337 -2017 -10 206
613 9018 -33 -303
23869 -2334 -347 28
-8870 4938 384 -241
17727 3879 -363 -85
-25491 25006 418 -423
10 100
169 777 2 -434
4753 -43207 -51 484
-1610 9373 29 -148
28623 -26457 -347 327
-469 -4143 35 250
39748 34622 -455 -394
-14524 14466 306 -294
-24948 -25629 433 448
-8767 3512 116 -41
5618 4842 -124 -102
10 100
-12656 8936 363 -236
-36709 -26380 426 302
784 200 -381 -24
-128 22757 11 -275
10390 -24268 -178 453
-2158 370 367 -22
1544 -2440 -95 330
-10305 -32924 154 460
9950 -12731 -316 446
-22190 -30770 359 484
10 100
-15642 -19790 301 355
-15914 -31013 243 447
25566 36013 -252 -370
7680 -6259 -307 245
9810 -4650 -368 161
-8535 -12391 381 490
-25375 3557 342 -55
-9391 -16915 145 236
37752 -14535 -379 142
15816 15102 -411 -425
10 100
1110 -2398 -408 479
15176 15289 -413 -392
1803 27241 -42 -419
29876 -25434 -350 289
26262 -9962 -461 169
-23423 5643 271 -68
3728 -3183 -79 54
-934 -1 489 296
-9193 -6650 118 95
-3281 256 469 -51
