24805.53493
24554.44867
24462.74534
22129.17680
24470.10984
25043.70578
22508.36610
23449.04265
23257.45211
23233.80231
23041.18378
24745.73045
24181.88238
24321.62646
23096.51172
22159.04535
24085.58834
22954.12328
24234.59266
24629.74690
22046.23512
25001.43905
22732.26677
24296.11625
24461.80551
23789.44530
22418.54333
24520.09550
24688.53303
23275.57436
25075.25671
25024.83858
23032.33012
22042.99842
23812.97131
23169.86080
24343.36745
23957.69717
25044.17378
24292.68623
22059.09756
22628.73407
22350.30362
25115.08937
22104.40362
