24321.62646
25001.43905
24554.44867
24462.74534
24470.10984
24745.73045
22129.17680
23169.86080
23789.44530
24805.53493
22628.73407
24520.09550
22732.26677
24292.68623
22508.36610
22159.04535
24688.53303
23041.18378
22042.99842
22046.23512
25043.70578
25115.08937
22104.40362
23449.04265
24085.58834
23275.57436
23096.51172
24629.74690
23812.97131
23257.45211
24296.11625
23032.33012
24461.80551
25044.17378
22418.54333
25024.83858
24343.36745
24181.88238
22954.12328
23233.80231
22350.30362
22059.09756
23957.69717
24234.59266
25075.25671
